600733	2.368584211575253
300769	1.293884245385362
603681	1.1804595822406703
300770	1.175527990452324
300376	1.1394331825748878
603068	1.1134008009346528
002951	1.0738258693991078
300766	1.0705833446219113
300762	1.063389888166681
002937	1.058243188217277
002668	1.0582404802326313
300768	1.0581955103659555
603956	1.0571552014302077
300562	1.043198968055064
601865	1.0381572893200792
600892	1.03754699224127
300767	1.0207157223143204
603317	1.014373074764839
300531	1.0111476979214837
603636	0.9962250988403277
300104	0.9885792397791904
300684	0.9830265869744864
002837	0.964547176073171
300612	0.9622602186979067
002952	0.961715835572464
300398	0.958448736306877
300304	0.9549443651302596
300534	0.9531907515785276
300668	0.9524908120829009
603220	0.9483400853484212
600568	0.9294570130138706
300670	0.9293001299792398
300038	0.928765984727588
300740	0.9270952844415249
600777	0.9256700318325027
300502	0.9212631767758233
300761	0.9183780457145312
300758	0.9138840169974237
002941	0.9120176884185849
300674	0.9109120467324042
002596	0.9102383609321185
002383	0.9093273765205614
300279	0.9028359118175295
002950	0.901563526592868
300017	0.9000989560024268
603739	0.8996022246019039
002239	0.8976402699884642
002281	0.890083471051476
300730	0.8871962023160487
300319	0.8861116808587289
300194	0.8807861712221914
002131	0.8802060018796392
603009	0.8795919961645414
300759	0.8778867242178449
300586	0.876539027549365
300707	0.8752051665236844
002606	0.8709663084403478
603066	0.8705947882010687
002958	0.8696239666449045
300514	0.8694848636036905
603986	0.8688887399480191
002853	0.8673770487210075
002945	0.8656411770420103
300364	0.8656109354530254
601615	0.865231410219685
300604	0.8635649671643345
300715	0.8634608281943761
300647	0.8630216125766332
300356	0.8628857528757061
002464	0.8613302674203079
600928	0.860994241212214
002783	0.8604164971255557
300718	0.8583557422195176
002949	0.8558668323974243
300266	0.8527955398441716
603466	0.8524750702640373
300581	0.8518383236560496
300487	0.8480187838014028
300706	0.8459835652708179
002113	0.8433801196582307
300713	0.8425877457624811
300648	0.8421168744463025
603239	0.8406196279246162
300493	0.8388231583872865
300382	0.8384484180310151
300678	0.8368624985584365
002859	0.8365690015489675
300628	0.8365118033649217
002354	0.8353314644244662
300705	0.8344148500531144
300763	0.8342326070374477
601860	0.8342319345566976
300543	0.8336391067178721
603602	0.83083099111831
300571	0.8303281814751282
300578	0.8294935878508854
300590	0.826748197404976
300546	0.8240445611253733
002747	0.8235003683478194
002947	0.821275397429588
300471	0.8201224952719286
300403	0.819878142245077
300008	0.8198477367433499
300559	0.8189964023535301
300649	0.8182065762088885
002946	0.8181405340667082
002927	0.8171587827493175
300377	0.8160373118435298
000711	0.8152374245656046
300555	0.814937115231558
002649	0.8138606714165665
300063	0.8133186435175295
300526	0.8124379666845237
002143	0.8117523992690729
300746	0.8091255740098894
300748	0.8090697393658571
300749	0.8081059035512932
300503	0.8078688653567724
300623	0.8078663523920631
002795	0.8066854426822687
603528	0.8057917968793706
300520	0.8056201665722513
002836	0.8042368559827775
300659	0.8020190174099353
603121	0.8020008337037715
300352	0.799452595380655
300694	0.7967248734013639
300425	0.7963416880435124
300602	0.7963312762712862
300585	0.795552609908789
300116	0.7930086872175257
603716	0.7929918044420439
300685	0.7924793771552379
300677	0.7923945654333732
300732	0.7918441836682985
300595	0.7916787528846664
002806	0.790300403179327
300771	0.7890606182952433
300176	0.7868819535329747
603021	0.7866214060767879
603379	0.7847814121534408
300611	0.7828438461063143
300687	0.7824205978461705
603888	0.7810266893716779
002903	0.7803294443572513
603030	0.7799483766496638
300618	0.7799266906855625
603032	0.7797729102730566
002845	0.779531586419585
600666	0.7786962957221201
300693	0.7762866210346105
002881	0.7761898629330347
603007	0.7759460179913932
300663	0.7745757400774206
002943	0.7744803949801303
603895	0.7720347034201692
300545	0.7706648719809726
603429	0.7699224533843325
002877	0.7650450280832015
300589	0.7646266690485222
603978	0.7639413680120808
300466	0.7629421598307836
300686	0.7626000918085998
002620	0.7625689762563639
601162	0.7618952588105043
002887	0.7618125930024091
603501	0.7613842241806861
300725	0.7613312651473378
002787	0.7611670450527953
300577	0.7601985943805334
603559	0.7601395711022129
300639	0.7583116414727245
300692	0.7580690791588963
002856	0.7574531963339517
002456	0.7570074895045859
002912	0.7553177515072081
300500	0.7549904079453469
002600	0.7543659925714403
002835	0.7533415812589936
300532	0.752725826300168
000595	0.7520970000398163
002909	0.7519416663200185
601330	0.7511995922245954
300698	0.7511035353453142
300554	0.7502031183000025
300696	0.7500697966520548
300657	0.7495499716525615
300539	0.7493282272624957
300615	0.7487176699375135
300021	0.748415542549965
603045	0.7478616010118047
300366	0.746497486732149
002886	0.7463152291878417
300128	0.745596325476953
300340	0.7449477806581529
002830	0.7441033790647096
300743	0.7439510372160547
002703	0.7438434484583754
603105	0.7435953202804584
300765	0.7428189835214923
002908	0.7426508031651491
300727	0.7425746409699769
002931	0.7423209528993947
300635	0.7419993913708077
603722	0.7415355455892657
002942	0.7410676430804197
600581	0.7398084066982279
002858	0.7394497934474135
000971	0.7392291221146514
603386	0.73887489507414
002888	0.7387021582393873
601619	0.7383384513567245
002643	0.7379232941902155
002930	0.7378033584301988
300688	0.7377169547240238
002829	0.7376845136713996
600318	0.73682678549134
300745	0.7365972688326352
002852	0.7363587825007613
300624	0.7359245219932131
601606	0.7357672979127864
603388	0.7352937381728176
300708	0.7349570779634985
300736	0.7344658955268804
600604	0.734373132495882
300567	0.7337976927078398
300588	0.7328897991045873
300638	0.7327381056180311
002676	0.7323741119918014
300634	0.7318088925328412
300420	0.7316472631904889
002076	0.7314335185210765
002907	0.7308353403260955
300317	0.7300991819349849
002761	0.7298210971834909
300213	0.7296292833630242
300469	0.7285705501660223
601298	0.7283915558118703
300401	0.7282389019621218
300691	0.7280412214286809
002897	0.7273715502640642
300549	0.7270006344986569
300739	0.7265073080855003
002526	0.7264421682402478
002812	0.7261710758248009
300629	0.7260521157861568
300627	0.7259822701465055
603083	0.7247491599936552
300560	0.7244440197563093
603912	0.7239819564693417
300690	0.722075218577414
002662	0.721179479317445
002148	0.7206130728668553
300603	0.7195366590162222
603127	0.7189827828055286
002098	0.718262482006548
300422	0.7181170509596219
002838	0.717907373518939
002863	0.717721327173451
603629	0.7173503987174943
300491	0.7172370719889094
300757	0.7171757171529269
603778	0.7169999994386149
603533	0.7168964230554724
300667	0.7161575497375966
000007	0.7159691703757035
603363	0.7153527271899919
601068	0.7142869100420998
300655	0.7140317779358085
600903	0.71396486515655
603516	0.7138763495667719
002429	0.7135194659659603
002915	0.7131823474586508
002798	0.7119542034473367
300654	0.7119255083390413
002517	0.7112098867888306
603713	0.7105954291541727
300682	0.7104860211946135
300753	0.7098106596794186
603329	0.7085873896975763
601066	0.7085556178532189
603183	0.7079068458402382
603079	0.7075138091393415
002846	0.7069330890093015
603790	0.7061780568098363
603612	0.704384622475571
300457	0.7039718916599379
603712	0.703679059172646
300383	0.7033597519447502
300731	0.7032678103361975
603138	0.7031473575351742
603706	0.7029588873641112
300719	0.7022895976461954
300752	0.7020072807654719
002878	0.7010262464985882
600816	0.7007241997693647
300423	0.6999119264691158
002356	0.6998941609580966
603332	0.6994385518984438
603499	0.6992669538581018
002607	0.6991643520874095
603080	0.6991489175522805
300088	0.6985545079862908
002366	0.6983910059902335
002883	0.6974985769234695
300547	0.6969865781987016
603600	0.6968663711709532
002478	0.6963949587585438
300091	0.6963126938309171
300637	0.6954891916777456
002864	0.6937283786030796
300717	0.6936164520406658
300450	0.6935559530533923
603678	0.693456013105718
603607	0.6933667594511363
300644	0.6929486527471399
002458	0.6928751970573596
002848	0.692843813312005
300570	0.6925691130068304
300365	0.6921615746946244
300411	0.6913483629252051
300062	0.6913180982677369
603963	0.6908189494889624
300145	0.6901905653159341
603690	0.6901093193487714
300631	0.6900624954236232
600146	0.6897317125877407
002895	0.6892898099388374
300601	0.6892321816215393
300582	0.6891704336701714
002089	0.6890267701786251
300675	0.6884852289084757
603776	0.6879855180591166
002206	0.6878105622828388
300412	0.687765238164728
300310	0.6876693131185502
300640	0.6873925704934203
603666	0.6865415595981449
603579	0.6865348073448622
300711	0.6864679906641825
300409	0.6863518113930701
002771	0.6863377290910907
300384	0.685655543157345
300259	0.6842978581968338
002822	0.6837248608709562
300495	0.6835534430389232
300716	0.6833039151471253
603283	0.6828949787066161
300542	0.6819691012425786
300515	0.6819127654325876
601319	0.6815221231324454
300504	0.6815202391490739
603766	0.6804112107181939
002873	0.6802496867294043
300650	0.680226294669102
002871	0.6798921256893052
603486	0.6797191312631585
002866	0.6796867891747841
002766	0.679607729166596
002801	0.6791831618032087
300073	0.6786584117873301
603013	0.6785267103472449
603577	0.6783341128764087
002910	0.6779980862465692
601990	0.6777814497752244
300700	0.6770061802952569
300679	0.6767041327022949
000939	0.6765201589904454
300510	0.6762294085679902
603085	0.6760051010961133
603603	0.6755952262428586
300379	0.675095029078365
300461	0.6745973269611686
002921	0.6744646590528511
300665	0.6740681692239812
002217	0.6739529628418947
601975	0.6737962376525385
300598	0.6736103567134899
002745	0.6727306309109421
300702	0.6718900365839703
300037	0.6718310482159924
300511	0.671789213272479
300697	0.6717427585014396
300666	0.6715125487733375
603110	0.671368549776921
002902	0.6711194860077925
002056	0.670652852274098
002928	0.6704513483776542
002922	0.6702647689451642
002451	0.6694708170702351
300536	0.6694213233731379
600929	0.6689787722265802
300285	0.6688907732603718
300607	0.6686678417716533
002823	0.6679772657119252
603108	0.6674538328527835
300419	0.6671661086424286
002694	0.6668554169103545
002842	0.6668238647496589
300484	0.666258768980626
002824	0.6662442001692298
002857	0.6661470618751067
300519	0.6657534284230247
603016	0.6654559512363285
002939	0.6652929926420296
300296	0.6652501284115833
002865	0.6646754901553188
603650	0.6646609876289673
300014	0.6643276777220182
300451	0.6637522236594966
002932	0.6636754388202184
300035	0.6633557111500996
000723	0.6627653831453751
600552	0.6625956315965881
300458	0.6624318952816921
300556	0.6622481757539721
603700	0.6615826843946158
600337	0.661536031172343
002210	0.6615085619046732
002684	0.6613964196654409
601598	0.6612696459240964
603131	0.6611552246497217
603335	0.6607123032286413
002755	0.6600847039713017
300672	0.6599643724354687
300260	0.658867286960598
603383	0.6586733660207461
002879	0.6583784958268649
002589	0.6583232650398674
300747	0.6582217513648928
603648	0.6581804844218544
300522	0.6579054419808518
000963	0.6577380687657692
603825	0.6576815805571914
002717	0.6575799626851824
300579	0.6575445289392187
300134	0.6575349648492763
603500	0.657451212293499
002935	0.65705143352407
603596	0.656714131497161
300755	0.6565845889699787
002905	0.6554818320297018
002925	0.6553333688475141
300369	0.6552020540889569
002900	0.6543240487876745
002917	0.6535870322188497
002509	0.6535097415757672
002813	0.6534752080926582
002691	0.6529065803788566
300584	0.6528812480965438
603813	0.6528091949194204
300676	0.6526313612007997
603289	0.6525600675534381
300742	0.6516581557360518
603106	0.6512288827590037
300710	0.6509802261782192
603118	0.6504077921847591
002821	0.6501201258372034
000070	0.6499317056212268
300701	0.649669730202955
600209	0.6492553357724437
000820	0.6486160905319288
002315	0.648179011736006
000540	0.6478903739742914
300671	0.6470402321291998
002699	0.6468018484389864
300597	0.6464328060474074
300216	0.6454805248856561
300566	0.6451560356820675
300509	0.6448020616837804
300230	0.6445451167472273
603626	0.6438667581509642
000912	0.6437744032776508
300643	0.6435649576845517
002398	0.6435224039039534
300521	0.6434170003949552
300568	0.6433298233957535
002828	0.6429850164595163
603798	0.6428941876023494
002919	0.6428245780223107
300565	0.6427750664786546
300619	0.6427056540425737
603676	0.6426898111103271
002923	0.6425738431239919
300703	0.6424476328022131
002307	0.6419379300556198
002625	0.6413654023906182
603348	0.6413096752280719
002885	0.6410892512753229
002706	0.6401093217375973
603336	0.6400416174670912
002916	0.6397040605028459
603322	0.6396219212659982
603683	0.6395471766065539
002289	0.6389665280431323
603305	0.6387001832616789
300656	0.6386824115177645
300724	0.6377535729072477
002765	0.6377337385132356
002679	0.6375733144645674
603657	0.6373728116053704
603527	0.636667140422119
002777	0.6366525881429208
603917	0.6364728495172781
002749	0.6363408276873957
300462	0.6360305549512832
002803	0.635556975774222
002725	0.6350701851486285
300299	0.6347845382170885
603693	0.6344334121808421
300078	0.6340451249214518
002575	0.6334992302289889
603477	0.633463001492129
603058	0.633175723127761
300400	0.6324778439824645
002182	0.6323619128444994
002338	0.6322146122143214
603232	0.6320796931043653
300609	0.6318606974197905
002619	0.6307830874761032
603960	0.6303142947458932
300477	0.6297406002585837
603328	0.6297222580396875
600386	0.6296820953972603
000673	0.6295314130725264
002742	0.6294758766492357
300662	0.629174064265687
603259	0.6291371130337421
002739	0.6285697025902304
002716	0.6280334453174562
002346	0.6277864326596669
002616	0.6276456270386062
000591	0.6275628289950904
002796	0.627191592309014
300751	0.6271734247914091
300350	0.6270397752129065
000812	0.6262985702812904
300680	0.6260078994080107
603036	0.625897698496589
002445	0.6253281073603417
300642	0.6250707538412981
300143	0.6250467520143418
603999	0.6248415355699874
603595	0.6248117190099873
300443	0.6245481645855808
002580	0.6244162452876011
300572	0.6243759466913436
300454	0.6241707366128723
002933	0.6238570770682866
603829	0.6234135364660026
603506	0.6232511818035117
002860	0.6227596888510235
300097	0.6227492254950998
603638	0.6226163046792295
300507	0.6223724290642971
603655	0.6220220267899965
300044	0.6219834046200934
300527	0.6218657097505922
002447	0.6216865334751156
300722	0.6215208500218093
002851	0.6211046895558173
300541	0.6210624530516484
603214	0.6210329584223829
603050	0.6208522507022933
300689	0.620777521564064
002075	0.6206903236930894
002034	0.6204082855331393
000670	0.6197722392506564
603876	0.6197060387365022
300600	0.6195490707381132
601086	0.6195384902898857
000587	0.6193157226750861
002485	0.6192330928385082
600393	0.6191194187973099
603721	0.6187900001957707
603881	0.6185162230905927
300630	0.6180720563580147
002847	0.6180457698240214
000503	0.6179774606482799
300103	0.6177497653106564
000928	0.617384264046376
300478	0.6172015901637816
300616	0.6169452740618663
002149	0.6164939549064978
300440	0.6164793968564631
002359	0.6164346668271556
603177	0.6159198055942499
600226	0.6157928500901738
300253	0.6156041732176182
300738	0.615581897612078
002218	0.6155533412238621
000797	0.6153839473151653
300312	0.6147438854673568
603799	0.6145429399914107
300660	0.6143237676296629
603976	0.6134973076050299
300537	0.6134652260214818
002849	0.6129754031927039
300735	0.6129478506642189
002578	0.6128487223921536
300632	0.612661147262474
603042	0.6121314226483966
603937	0.6121286446839361
002815	0.611673056101604
300447	0.6116205532679698
002820	0.611618095355153
300645	0.6116132721120837
002670	0.6115591357793058
002341	0.6115243308682052
603356	0.6114201083348701
000638	0.6110508546991826
603389	0.6109214788117641
603165	0.6105116742876221
603656	0.6103896627179043
300540	0.6101646367511238
300661	0.6101434879108866
603186	0.6095018450372255
002899	0.6094212404211438
000903	0.6090356782979254
002762	0.6089704302650361
300576	0.6084743241200354
002948	0.6082186494034953
002714	0.6077132143919454
603133	0.6076199907686349
603677	0.6073559219371636
300525	0.6072742576507724
603969	0.6068706703993688
300726	0.6068034703038159
002799	0.6062473193936359
002169	0.6062365529856362
300241	0.6062058309025055
600230	0.6061110238247467
300065	0.6059517265564657
603711	0.6058698884168109
002825	0.6058229070547428
300012	0.6057702768136549
002350	0.6050404680886122
002012	0.6050136243835639
002582	0.6049158892317981
600419	0.6048811990510506
300720	0.6043763879845505
002656	0.6039970228925122
603157	0.6036865935520122
300130	0.6032945294214107
002171	0.6032535538722347
300523	0.6032120073992386
300468	0.6030270238969315
603890	0.6029936334812507
300535	0.6028772543246662
300617	0.6026861518881608
300344	0.6022506384546606
002622	0.6020275043352182
300733	0.601603623975715
603505	0.6015525541408152
000958	0.6013612490217639
000605	0.6013064285698299
300608	0.6012901179125866
603856	0.6010023896495381
603027	0.6006838813996997
002896	0.6004044635502833
002235	0.6003715478342436
603628	0.6003284623142126
603880	0.600026829156895
300626	0.5999608678412555
603297	0.599667148327315
601888	0.5991733589552938
002065	0.5990994446683308
002572	0.5990601992152382
002892	0.5988742965534614
002898	0.5984872360418549
002850	0.5982765611090157
300152	0.5981607568778757
300641	0.5978954916454978
300320	0.5976739667729093
300346	0.5972882707690786
002696	0.5970042932756692
002862	0.5969910141105104
600165	0.5967934994664567
300721	0.5967342348199314
603903	0.5966529901680555
300424	0.5966389362441838
603738	0.5963176934532155
603320	0.5960029902417487
601869	0.5959782952022388
603496	0.59587794177898
300109	0.59584905674071
300339	0.5955790388214623
603977	0.5954650516572352
300497	0.5951891654380939
603396	0.5949138366546354
300492	0.5948496140411945
603733	0.5948210797426906
300430	0.5947165840334292
002241	0.5946239836332377
002652	0.59434484933044
300569	0.5942293605505343
002035	0.5941675088892986
603896	0.5940622469669135
002889	0.5938399759904082
300223	0.5933609540399648
002797	0.5931079195742113
002537	0.5930862388476453
300653	0.5928135063987582
603192	0.5927117534741859
002185	0.5925955656786078
300158	0.5923568336710926
002461	0.5919881847785475
002072	0.5913668027483553
002611	0.5910872337331964
002618	0.590698041406962
603286	0.5906889721375845
002918	0.590489706923846
002492	0.5904888925517988
002635	0.5899749023891511
002843	0.5893194200399593
000760	0.5892887940727995
300374	0.5892791464140215
600239	0.5888550998120702
300664	0.5888449541695779
603136	0.5886850584102566
603659	0.5886644412833767
600167	0.5875304620718559
601996	0.5875120461681267
600614	0.5874913815908263
002719	0.5874835352509022
300563	0.5873056638212226
002929	0.5873013554654299
300309	0.5872578581290457
002277	0.5870621708011672
002460	0.5869936196476626
002667	0.5868084799562177
002770	0.5866668873770301
002819	0.5865864373680537
000806	0.5865296420035757
300046	0.5862983293660616
002195	0.5862232044883262
300699	0.5854961983362699
300620	0.5851634662614821
300613	0.5847557072527129
603387	0.5846257313036557
603955	0.5844895423291235
002349	0.5844648803586033
002809	0.5840686961961365
300324	0.5839733974105136
002547	0.5838559311404496
603301	0.5837591800266222
300709	0.5836256746087926
300370	0.5835379296418755
603970	0.5830901962093016
603588	0.5828556762321428
300538	0.5827966743925571
603680	0.5824928172470224
002323	0.5821882117303556
300591	0.5819626281467137
002913	0.5817426211090743
002192	0.5813961812226135
002511	0.5809741958489021
002108	0.5809326277941771
300210	0.5807800467660212
603717	0.5807607464617192
601882	0.5806941735293973
603871	0.5806892430740753
603809	0.5806204215079324
603583	0.5805637822910947
603859	0.5803339761798726
002569	0.5800990454356785
300593	0.5798891608362913
300428	0.5793228102521673
603803	0.5788704255398421
002530	0.5787546610671517
300479	0.5781715568962226
300673	0.5778925608194664
603197	0.5775571058329648
002130	0.5771495990691758
300490	0.5768690173993408
002139	0.576728705720481
002906	0.576684969029247
002264	0.5766690338561324
600172	0.5766573995086055
300658	0.576201003006091
603933	0.5761880000515134
603598	0.5755885027450596
000038	0.5752886647172224
603619	0.5752060976040616
002711	0.5749271632790867
603773	0.5747536393591546
603929	0.5746050218532037
603707	0.5741685583912418
603987	0.5735692099392208
300156	0.5732444790162446
300141	0.5732263000039078
300552	0.572845930738485
002645	0.572668814531576
300621	0.5725979028161795
300750	0.5717713936140949
300433	0.5716998582310785
002243	0.5712124441055755
603056	0.5711499820638759
002911	0.5709680133642399
000509	0.5708704825163968
000338	0.5707681025853147
002884	0.5705142484815803
600695	0.5700307734642506
603078	0.5700170013632424
300349	0.5697660467588362
300633	0.5697041149775111
002001	0.569591781206265
002826	0.5691817290686187
600734	0.5691180567167503
300137	0.5690368598563239
600988	0.5689325221468075
002872	0.5688784791198114
603848	0.5688462682582728
002141	0.5688149419600366
300278	0.5686969167605792
002753	0.5682246599060665
603938	0.5671727505079177
603729	0.566883534899835
002503	0.5667509768916744
002229	0.5666792528239644
603156	0.5666417749549674
002175	0.5666235657301999
002384	0.5665021574745437
002869	0.5660324676033117
600462	0.5653160041997387
300441	0.5652124647803404
300028	0.5650521561248761
300605	0.5648648032238901
300444	0.5646409101330464
300476	0.5645949874464474
000996	0.5645255675735357
603039	0.5643423045350806
603321	0.564197708287151
300392	0.5641473453391075
002562	0.5640278755944264
300387	0.5640173102067262
600136	0.5639415046657695
300311	0.5635947101143045
002839	0.5635135492478179
300610	0.5632765405070863
002737	0.5631062467825172
300348	0.5630339308753095
300140	0.5629712839190506
600776	0.562968110953686
603378	0.562542393287326
300375	0.5622808701583023
601116	0.5621868947806105
603897	0.5620543438529806
300225	0.5620431419520464
603633	0.5618051461743596
300277	0.5617593706341042
300054	0.5617533983622117
002270	0.5616629381965939
002774	0.5615848846811301
300355	0.5615268460360119
603225	0.561462063807242
002841	0.5613473307443901
300573	0.5613276143969927
000613	0.5612396220520337
600679	0.5611664692215953
000586	0.5609692722416062
300431	0.5609396164026116
601212	0.5603899688337659
002446	0.5602858527225651
603605	0.560025420921323
002333	0.5600145478763218
300402	0.5596349355519239
002805	0.5594149306342932
002265	0.5593944762122717
603019	0.5593144345975719
300482	0.5585192541102011
603303	0.558458558910571
603067	0.5582603351902461
002621	0.5581408198758832
002938	0.5580296615404666
603181	0.5577150697105442
300188	0.5576196264699731
300481	0.557575060747745
002504	0.5573540680103888
002302	0.5571517729224985
000669	0.5567285212319477
300415	0.5567034666964599
002875	0.5566980019559912
300107	0.5564187031323212
300606	0.5563943350652433
300723	0.5562650494813471
002617	0.5561841253915465
300197	0.555884386131061
300237	0.5557113142178528
603826	0.5548590499709135
603922	0.554751869046538
300085	0.5546756280434079
002576	0.5544792968793417
300196	0.5541081649572179
300100	0.5540547590889489
300072	0.5539587321211091
002129	0.5537585472427474
603616	0.5535457681370652
603360	0.5533894481964137
002438	0.5530353027684021
603557	0.5530070840725311
300098	0.5529366507409343
603179	0.5528541542832078
002440	0.5528212697496601
000710	0.5526608281010323
002681	0.5526100991125095
603260	0.5525719465288207
002647	0.55252280481548
603367	0.5523533287230239
300513	0.5521988492010224
300456	0.5520890731720819
300448	0.5518841722779316
000633	0.5518511660612733
002789	0.5516703427657034
603086	0.5514992754715115
600084	0.5511188151827242
300505	0.5510996568079356
000923	0.5509598216076342
002137	0.5509150143241954
000856	0.5508711323140985
603725	0.550104019661799
002870	0.5500530217523889
002901	0.5498760764171389
300056	0.5492888279162255
603828	0.5492426136373967
002110	0.5492126764499655
300125	0.5490035217858863
300256	0.5489978584325147
002094	0.5489665992312904
600698	0.5486108493667763
300023	0.5485942121810411
603667	0.5485714148119757
300090	0.5484459450342227
603358	0.5484388261077714
002584	0.5484296901581089
603081	0.5479988166914896
300501	0.5476549247609963
603040	0.5475851525591415
603103	0.5473092908926128
000615	0.5471492101838634
002519	0.5466445720417958
603330	0.5465972225162692
300414	0.5465767867850919
300485	0.5463760410048303
300224	0.5462503712131113
002260	0.5458662048451574
300166	0.5457408354077747
603882	0.5455953862613804
300268	0.5455606765257957
601003	0.5453494299727621
002780	0.545241811179216
603822	0.5451981747353478
002423	0.5450840036912058
300323	0.5448398473202412
603033	0.5448202578405279
300434	0.5448038999084366
000736	0.5447797819344876
300303	0.5444484829093502
603688	0.5443811815475943
600366	0.544180782888331
002827	0.5439919885491211
300209	0.543931280533002
300357	0.5438508811256377
601700	0.5435014834539578
002726	0.5433037737534395
002125	0.5430717083966017
002060	0.5429646288246147
002271	0.54246694164291
600610	0.5424417692889324
000536	0.5417053904006605
600621	0.5415053384752944
300496	0.5414105521592503
600119	0.5413571236689397
300596	0.5412383686249875
002876	0.541028680020451
002070	0.5409793215817823
002629	0.540920032626523
000506	0.5408502948722215
600212	0.5406574733471985
300174	0.5406085620885696
603668	0.5405608890631052
603359	0.5404994321117271
600689	0.5404104640488583
603536	0.5403027527863885
603578	0.5400919179589276
603811	0.5400249292198003
002532	0.5399925486907392
002832	0.539906753072501
603787	0.5398425680134609
300139	0.5397149727586087
600807	0.539481594398515
603777	0.5392044070604255
002080	0.538752344887873
603879	0.5386513870112448
002194	0.5384403890199311
600879	0.5381909460200497
002890	0.537895853441361
002712	0.5378068625620017
603269	0.5376495237511487
603180	0.5374661379750977
300712	0.5373600844337689
002599	0.5371919381461809
300175	0.5371540162635512
300345	0.5371209821137423
000610	0.5370364261107322
300248	0.5370222884911475
300308	0.536579078327092
300236	0.5364114676531961
000935	0.5363566457064685
600735	0.5362000300898766
002234	0.5351932302087106
300388	0.5351551143374716
603444	0.5350225675637821
002702	0.5346329903367801
300110	0.5344912439213075
002124	0.534127897902608
000807	0.5340376803814344
603767	0.533940441361288
000068	0.5338902503183235
002409	0.5333874117826384
300729	0.5329278339150553
002268	0.5325793799153136
603077	0.5324208685655122
300076	0.532288037103531
600622	0.5322838031396633
600460	0.5316687371878941
300316	0.531519942540039
300390	0.5314014776509153
000790	0.5312042975963931
002861	0.5310951507085135
300173	0.5308536614448729
600722	0.5307934471030901
603076	0.5306882697653205
300396	0.5304807529866263
603959	0.5304702701416949
000065	0.5303095634647913
300550	0.5302703814865719
603916	0.5297130858113143
002497	0.5295196955250945
600490	0.5294871594929562
000851	0.5291160196107646
002808	0.5290713710433012
002054	0.5288858931647866
000792	0.5288559344699175
002790	0.5286945599384497
603757	0.5284413014419747
002300	0.5283871561742114
002417	0.5282318412935337
300313	0.5279001526557829
603906	0.527706315341909
600325	0.52754450124546
603010	0.5272822686532197
600392	0.527218736571739
601016	0.5271533146500038
002256	0.5270752053738513
002758	0.5270503101681904
600536	0.5270075712708948
300016	0.5268624186273123
002161	0.5267604376741966
603843	0.5265824986098937
300681	0.5265489451502289
603278	0.5264088509603486
000672	0.5263616377179082
603025	0.5262872855473572
603709	0.5262540846538646
600139	0.5262526382564294
300551	0.5260927714860408
000662	0.5259608378892394
603189	0.525795239608864
603507	0.525625006900734
603089	0.5254607550022878
300465	0.5253555124794481
300162	0.5253434775924856
300265	0.5252840240230552
603580	0.5245803215710273
300148	0.5245794355348747
300548	0.5245772572614711
600848	0.5244569295563589
300071	0.5243417148748931
002940	0.5241097289837453
300455	0.5235080353542259
600420	0.5232478256490577
300413	0.5228785919704733
002158	0.5228363165553354
601949	0.5226670325489078
300756	0.5226152648970773
002524	0.5221715383948633
600939	0.5219964462043123
002017	0.5207357374562477
300467	0.5207157831027176
002655	0.5206483755096639
300190	0.5205223409220128
002493	0.5205050191434764
000622	0.5204507847607147
601012	0.5204108759934317
300368	0.520085583334864
002602	0.520054179358555
300267	0.5199839893745526
603456	0.5198368532440075
603098	0.5198320448983709
000558	0.5198164997272697
002230	0.519756672551545
603185	0.5195553042142943
000635	0.5194386968320907
002184	0.5194196627689133
300353	0.5193976140421482
300580	0.519305027517979
603538	0.5191451332596737
601858	0.5191132745514409
603679	0.5189202567067619
002733	0.5182988608632979
300452	0.5182513328870235
002112	0.5182090083515172
600652	0.5181502863736629
300042	0.5181375135672792
000063	0.5181351969469629
603059	0.5181224023725997
002013	0.5179306388806619
600290	0.5178221159703923
600191	0.5178097453649007
002515	0.5177332336059679
603398	0.517468090430717
603660	0.5171726016504432
600810	0.5167571717515619
300399	0.5163866903596613
600446	0.5163325639591798
002365	0.5163176254511577
603991	0.5162831021918837
600559	0.5162105432938682
000636	0.5161452399824491
002196	0.5158536618615651
002782	0.5157964993979608
002127	0.5156546329050267
601108	0.5154934768773024
601233	0.5154636225033142
600588	0.5153454995428897
002282	0.5152429730008496
300281	0.5151880734449856
600800	0.5150390782204174
300325	0.5148011412411804
000852	0.5145266696303018
002769	0.5144782692422691
603129	0.514435483594558
300587	0.5143649256633928
002077	0.5142973598545814
002630	0.5142213445568312
002371	0.5141691707416449
603900	0.5141518793258267
603535	0.5140016701968149
603345	0.5139099023952509
002288	0.5138472226841773
600532	0.5137783686698398
603630	0.5137429003474571
603810	0.5137420433545858
603326	0.5132485515961499
603319	0.5130893418593406
600603	0.5128871173375131
300015	0.5128744224914565
002103	0.5126380852180207
000555	0.5125167858797429
000159	0.5121371517746983
300334	0.512108543165465
000766	0.511956219201473
000055	0.5117541943380887
000735	0.5115701970616544
002219	0.5115559095647554
600112	0.5115147296334228
002642	0.5115088196907355
300592	0.511479092082102
002418	0.5110804560972304
603685	0.5108486887026517
300099	0.5107886022452185
000034	0.5107088964511576
002320	0.510496367045645
603168	0.5104953629207418
300290	0.5104214406935299
000885	0.5102011979086384
002475	0.510166380428625
002301	0.5101275020139271
300228	0.5100692398727814
300167	0.5098389495971702
002049	0.5095150641910255
000933	0.5092735184143938
002920	0.509167523406473
000868	0.5086596399858485
002052	0.5086481700296335
600155	0.5084193461246208
002638	0.5080778173662608
600856	0.5079826422536752
300180	0.5078937319616516
002571	0.5077672736836096
002435	0.5077623213191355
002011	0.5075717362270478
300470	0.5073132136460319
603985	0.5072908983008283
300474	0.5071511548062512
000532	0.5071100126008569
603726	0.5070608064781846
300250	0.5070502494653922
603416	0.5066853093547392
002297	0.5066609741340731
603031	0.5065825906815059
002488	0.5065565287690047
002040	0.506536163260762
603908	0.5064168844290169
601878	0.506334840082278
300407	0.5063128415481123
603169	0.5062865485977267
603113	0.506208607380435
300404	0.50614417618653
002027	0.5061149044891656
300302	0.5058944527932244
600069	0.5056086594227526
002231	0.5053666736181893
603817	0.5052615633756842
600476	0.5052311301242345
002651	0.505114153612596
000020	0.5041258705083737
000862	0.504083953545991
300198	0.504039990458099
002211	0.5037705739186713
300558	0.5037241599381549
300464	0.503714644572482
601360	0.5035714552450059
600345	0.5034613534018182
002763	0.5032016892031247
300229	0.5031505480972532
000830	0.5030852629618462
603800	0.5029772995196122
300009	0.5029277985412924
002802	0.5028624118404752
002259	0.5027508499537005
002816	0.5027010752534228
600822	0.5026784186255425
600760	0.5024569810005791
603380	0.5019717667351209
300599	0.501436157301585
600645	0.5011775254413764
600783	0.5008840218086288
600701	0.5008097928480003
002507	0.5007861234798234
603203	0.500754256148565
603797	0.5005694785417454
000877	0.5005504778192157
300240	0.5002810262474237
603069	0.500125777705076
601138	0.49997769866220243
603161	0.49994652686080254
600818	0.4998989230178077
002045	0.4994494755091808
000927	0.4990580833590045
300153	0.4989416387520906
603823	0.498914797169686
002800	0.4988278946136165
600596	0.4985829323527394
300472	0.49854386537099016
600516	0.4982083554072233
300557	0.49817921086949424
002627	0.49817145547897695
000993	0.4981281988996532
603200	0.49807296517792166
603838	0.49803730795272266
600207	0.49784013034343955
600463	0.49780353448579195
300397	0.49775888971756793
002778	0.49771793617713955
603617	0.49760779286419243
600326	0.4975685214514055
002724	0.49745485752180174
300018	0.4972388877465092
600506	0.49716349428773793
300052	0.4971204271187868
000023	0.4971162058931493
002213	0.49699563427685944
300051	0.49693392712380313
000957	0.49691609418467225
002669	0.49688232245515873
002723	0.4968603333779337
600682	0.4967230728548571
300061	0.49651261369167643
300252	0.49626908873431136
002734	0.4962101171380125
600438	0.49585736405013836
000571	0.49524516471009367
603839	0.4946686898067542
000728	0.49461742670960407
600198	0.4945769362900448
002246	0.49440913055582186
603357	0.49436049373108426
600634	0.4943244690390601
600721	0.49431778922409747
002262	0.49425728255356616
300157	0.4942048300330827
603063	0.49407232950830643
603187	0.4940353128883761
002457	0.4938683470063521
002680	0.4938490236764039
000560	0.49383144895399267
600745	0.49379535311388373
002058	0.4937734495248963
601326	0.49369617745364913
601020	0.4936057726120202
300494	0.49350810981117876
000158	0.4935032614063197
600093	0.49347771793743683
603160	0.49336771400675994
603569	0.4933182500165376
603615	0.49299329065197417
603159	0.4929023374772923
300300	0.4928252546119005
603365	0.4927116547327724
300221	0.49243111483803226
603238	0.4920400265503776
600213	0.49203051934786485
002016	0.49197573759957863
600740	0.4918752311944341
002767	0.49183365643260385
002343	0.4917686461146699
000050	0.4917563238522151
002419	0.491603820238746
600775	0.49153791568882554
603229	0.4915169458737009
002729	0.49146343679789684
300238	0.49142175525038906
603703	0.4914198734965406
300622	0.4914019531002578
603351	0.4913863160135793
603337	0.49134191756677703
002936	0.4910002300034304
300117	0.49099808539265205
603701	0.4909450487024088
300168	0.4909157234616274
600148	0.49083333382531286
300333	0.4906770570710388
603886	0.4904969732596958
603997	0.49048202575011085
600756	0.4904239707793867
300089	0.4903890096760694
002109	0.490356033313034
002776	0.4901513059382318
600255	0.4900922661005473
600782	0.48994830995192074
603323	0.4896419789685696
300242	0.4896030755142593
002810	0.4893525344336836
300226	0.4891925911481878
300163	0.4891750064479667
000938	0.48908234346830337
603090	0.4889984543827188
002483	0.4889830489018553
603029	0.4889395020199406
300004	0.4889360050463142
300683	0.48869934518323815
000018	0.4883811175062495
002891	0.4882145881659841
603096	0.4881746764378273
002552	0.48817224839016404
603555	0.48812535247880695
000151	0.48805683090343127
002118	0.48797403203414996
000925	0.48794668402715247
603421	0.48775696750299186
000401	0.4876203029174533
000953	0.48753601746663777
600250	0.4870367840028393
300187	0.48698508902738413
603488	0.4869381907116725
002786	0.48677866935201003
603038	0.4864290460415334
300136	0.4862902063421482
600331	0.4861310830054962
600647	0.4859321957415466
002122	0.4856773972581953
300122	0.48559533301788804
300322	0.4854104206732901
603587	0.4853336789250431
000019	0.4851142696940004
002252	0.4850081422985839
002220	0.48499022152324883
603266	0.48484227654788087
300170	0.48471497056772705
600293	0.4846859128192295
300343	0.4846438972183996
300048	0.4846359157941655
300427	0.48459416704693065
603218	0.4844149368069217
002807	0.48440743493064603
300488	0.48439443785638453
000593	0.4843881660010506
002750	0.484343137605029
603585	0.48431795486486984
000819	0.48392767368767015
300362	0.48391323781941337
603887	0.4839055690839859
002855	0.4837754397823406
300553	0.48369311731463316
002631	0.48361317004655385
603860	0.4836010287289005
002788	0.4832696336966965
600202	0.4832546072285596
600571	0.4831455962928586
600751	0.48298490328438726
600107	0.4829679488053539
300386	0.4829345046722302
600072	0.48290305092609
300292	0.482814314289239
600055	0.4827737756238528
603928	0.4827324510869918
600291	0.48216257598285645
000703	0.4820238075035355
300164	0.4817915271098277
000576	0.4817716147417818
002722	0.48169684864825674
600131	0.48144129878594294
600113	0.4814311918658603
300025	0.4813097965175766
600507	0.48116606613688406
002430	0.481000183366086
600986	0.48094687110264894
000416	0.4808609359597893
002134	0.4808464343841338
002181	0.48069185692010447
300138	0.4803614807423119
600876	0.48018641985790994
000488	0.48002400199756445
600555	0.4799468694574145
002063	0.4798006767524529
600477	0.4797693023894514
603819	0.479327691644809
002721	0.47931951453871535
002278	0.47905487826881776
000629	0.47886692836392875
300262	0.4787814691695153
600520	0.47857611970018876
603590	0.4784574012524657
601100	0.47841939077540263
002208	0.4784063915132356
000626	0.4783170347333474
000995	0.478247082653699
600855	0.4780998671369993
600874	0.4780857311779134
000950	0.4780817003256689
002486	0.4775958446068101
002926	0.47736248730512976
600158	0.4773522211938986
603258	0.4772399277432248
603993	0.47718078175028433
300032	0.47709289269469074
002760	0.4768359175694514
000582	0.476465404222588
300286	0.47645159463626074
002336	0.4760474425803547
000659	0.47564080822022986
300096	0.4755993281959569
300022	0.47557302226522097
300378	0.4753991412963529
600459	0.4753023351681705
300077	0.4752836612143547
300517	0.4751388388990681
600156	0.47509330255641147
300212	0.4749517459508074
000681	0.4748842995456804
300075	0.47482676125425954
300475	0.47472846528343
000962	0.4746917393595792
600183	0.4745001894494584
300227	0.47442768028992505
600275	0.4742899979119876
603385	0.47428999104674663
600242	0.4741098101755203
300069	0.47410934322438436
603060	0.4739109351767084
603727	0.47390733387431266
300093	0.4738518187259995
600711	0.47372176148821993
002785	0.4737195184142232
600846	0.47357342447289436
002263	0.47354215514802
002477	0.47350631180663466
603126	0.4731682007981088
300395	0.4730133604818316
300181	0.47300196232600233
000526	0.47287368833477533
000789	0.4728059840166141
600985	0.47274115402583095
000977	0.4727140170977695
002021	0.47263306127664256
002591	0.47245628493743785
603458	0.4724534200507863
600525	0.47218247891089316
300050	0.47199654715476524
601375	0.4719713266483742
000839	0.471811113448251
603196	0.4717869694115718
300288	0.47174217916161826
603006	0.4716796270065193
000611	0.4716402065419867
300274	0.4715124251061173
600152	0.47144424314004224
000567	0.4714409921955004
002542	0.47122070236380514
002738	0.47101550487616367
300272	0.4709711447641425
300293	0.47093302186692393
000557	0.4709288913910438
603277	0.47092331968184026
002425	0.4709131005322171
300192	0.470823388202651
300449	0.4707837007644021
603233	0.4707800658906477
600766	0.47070095127448935
002176	0.47063748025261787
603696	0.4706217008056476
002791	0.4705954693271228
002565	0.47057944980719907
603918	0.47018509434559386
002388	0.4700620986152441
600235	0.47003650772439715
000982	0.4700223514334568
300380	0.46996103928419
002633	0.4697434341038941
600825	0.4694807014805062
002147	0.46946831047990495
002587	0.4692702771268343
300336	0.46918173589275347
300080	0.46915223282680857
603111	0.4690410645424788
002273	0.4690328697796796
002817	0.46901536279631506
300298	0.46898766316993795
002342	0.46895026353627106
000917	0.4688596194012386
002405	0.46880899111496505
300059	0.4687866601216689
000936	0.4687486056162159
300275	0.4685762190772108
603055	0.46848028539249664
000980	0.4684711511317096
601011	0.4683846415248017
600141	0.46814034053647635
600295	0.4681244218587599
600797	0.46811773500310366
603268	0.4680025976923773
000791	0.4679903871004808
603926	0.4679579740251687
600487	0.4678925846225841
002201	0.4677824136031941
002163	0.4674869146198566
000955	0.4674021733401002
000811	0.46728582631792426
000836	0.4672296465308614
600801	0.4671631086090812
002466	0.4671352633008006
603026	0.4670981979807093
600715	0.4670446806387419
600624	0.4668986250855358
300391	0.4668029190940312
603728	0.46668686443128066
300047	0.4666463249716835
603316	0.46659682751010056
300373	0.46658769265622446
600651	0.4664357529009397
300114	0.4664010277267253
600133	0.46636998589384815
000590	0.4662927942574906
600599	0.4662318054917545
002648	0.46615833561779846
600135	0.46611608436300345
601577	0.4659967383483771
600550	0.4658369628730909
000513	0.46579057001610463
000901	0.46573238727750865
600685	0.4653725125994999
000510	0.46529658683191927
002332	0.46513511793748874
002202	0.4649598261525778
000017	0.46493174139687227
300760	0.4648059943525032
002628	0.4645753850243556
002312	0.4645289594000064
002279	0.46438961597296136
600687	0.46433300201277833
002377	0.4642327327370603
600759	0.4641691425095603
002115	0.46413062587985515
600789	0.4637183874945834
000060	0.4636791017369488
002400	0.4636306483609087
603517	0.46360144566222883
600523	0.4635126462996356
000981	0.4634923319057317
603689	0.46337750640083697
002473	0.4630654226318947
002226	0.46302810203458583
000014	0.46296435044798045
002882	0.46294738673871905
600579	0.4629282152686724
600521	0.4628338012351172
000712	0.46279924962915225
601678	0.4623879205588009
300005	0.46230688437655626
000793	0.46216030506506145
600117	0.4618438031220524
000677	0.4618271466787065
002362	0.461803586498446
600466	0.4617421817719594
000592	0.46170632743477097
600130	0.4616192064141726
600425	0.4615873926542053
300120	0.4613398616211443
002560	0.46133686088715475
002427	0.4612916077793035
601881	0.46127300200030247
002518	0.4612441484924658
600595	0.461161596663356
002401	0.46090025094524095
600278	0.46053868003738085
600962	0.4604811713333141
300347	0.4603630188976417
000155	0.46032085441958437
300101	0.4599944889228918
603639	0.4599829037281158
600157	0.4599452808318677
000609	0.45983022973158494
300337	0.4597604939391216
000810	0.45965917723680333
600082	0.4595534942499093
601519	0.4594691564398872
002177	0.4594098613276329
300053	0.459245225856896
603178	0.4592112538562706
600901	0.4590879995422957
000786	0.4590655303579583
002709	0.4590024906006025
002437	0.4589918925233899
300019	0.45884033770498933
002682	0.4588245088629521
002454	0.4587460300166258
002415	0.4587324999494676
000606	0.458455560697327
000813	0.45837804566318774
000717	0.45832135991052064
603366	0.45827583338465044
002693	0.45825007025508613
300306	0.457990670307413
002467	0.45794540723314975
600584	0.45791067275325986
002811	0.45782245825868834
600228	0.45778527248274536
002577	0.45777649974500056
601069	0.45775670744369334
300263	0.45766026722709924
002730	0.45757653936591264
002209	0.45743417986820584
300115	0.4574217058397141
002285	0.45739838579577907
600149	0.45728157716463624
600802	0.4572127005740172
002372	0.45705751316020293
002432	0.45705569730115986
300331	0.4569979756152275
002261	0.4569306830155746
000426	0.45688431894320153
600640	0.45687164882153086
600218	0.45655117512929333
600540	0.4565042918276151
600088	0.45647076411701565
600609	0.4563643939068935
002156	0.45632029276288255
601155	0.4563125350510726
603758	0.4562804634412806
002199	0.4561384669943349
300235	0.45605213151770707
603300	0.45599786149442584
600410	0.4559541633672138
002775	0.4559532621378322
002660	0.45591114194529403
300575	0.45591110824540043
002368	0.4558725050296248
000544	0.4555602566128714
002236	0.45552058798004413
603861	0.4553119660628369
000906	0.4552346603109955
300149	0.4551408246953983
300737	0.45495300048022086
300269	0.4549480675041279
002748	0.45460950866009675
600260	0.4545627595857075
600240	0.4544780522305398
603315	0.4544442254431894
300506	0.45438461499658206
000890	0.4542571523393364
002700	0.4541906570223515
603088	0.4541039518533631
600779	0.45384102229041984
600746	0.45383478684657075
300528	0.45378855294706766
300083	0.4537002044418285
000678	0.4534437855652543
000801	0.4534062702023516
603708	0.4533969838078458
002357	0.45339123523911834
000823	0.4533740796035646
603996	0.4533656036566215
300295	0.4533494725780782
300033	0.45333845667888306
300371	0.45333103968287997
600355	0.45325662450066834
600793	0.4530700475368819
002407	0.45301750386818673
600845	0.45276867243730384
600975	0.45260780837408054
300652	0.4524835733952686
600258	0.4524148420320936
002426	0.4523077642451529
600678	0.4521801765399571
002299	0.4521291374790683
300084	0.4520190728125789
000948	0.4517820111346818
600064	0.4516988424582592
000815	0.45162775377337006
600570	0.45161473122224266
002549	0.4515171115980698
300234	0.4514093153387838
603037	0.4514050755555505
000691	0.45135729590967694
601228	0.4508917434059794
600099	0.45088943644922197
600702	0.4507483320142026
600619	0.4507463184888688
000657	0.4507220947858372
000721	0.4507016554518706
600171	0.45067196400326043
601838	0.4506507919628273
002654	0.45061665114897315
000822	0.4505213587016228
600319	0.4503674802354142
002205	0.4503259273521067
002494	0.4502277226559279
000932	0.45019466180773265
002604	0.4501709445630291
300426	0.4501432558591417
002373	0.449954366605047
002555	0.4498832897388205
600175	0.44986607501872594
600309	0.449804439754134
600831	0.4497930570560562
002657	0.4497892413909807
000755	0.44971339918301617
000507	0.44969872767180435
002095	0.4496660538035343
300418	0.4496059774553326
600288	0.4495646128757864
002082	0.4492352624675317
002581	0.4491306384384573
600178	0.4491003499607028
600358	0.44908088211906033
002523	0.4490774640553651
600075	0.4490685396298833
300191	0.4490124773958248
000066	0.4489611978102536
600249	0.44890802890032405
600867	0.44863212198597147
603998	0.4485710290926634
000045	0.4485105594867874
000504	0.4484217922649685
300020	0.44827866440550534
002687	0.4482404739770478
600192	0.4481971866714188
000893	0.44813902442780384
300092	0.4480602491565132
000600	0.44792065456026636
603368	0.44790659177792164
603936	0.44778661123077895
002534	0.4477339537317734
603801	0.44760690305784057
603663	0.44758371885251563
600569	0.4475015084670221
603041	0.4474009308375229
002510	0.4472203334616061
300276	0.4470679691308005
002389	0.4470017906423305
600884	0.44689824179540494
603022	0.4468544033668222
600791	0.446674566201333
000639	0.4466136043263318
600517	0.44657600064425096
300394	0.4465249368052061
000530	0.44640300760227003
300284	0.4463250512593353
002554	0.44625197661921995
600128	0.4461799886858731
000505	0.44615853513790715
603028	0.44609701066153623
600385	0.4460496227717268
001872	0.4459960512812307
600773	0.44598703239634635
300036	0.44579324655732633
300480	0.445763009659934
600161	0.44571901362468613
002006	0.44565398605386747
002395	0.4455719382322817
002168	0.4455317406902347
603000	0.44541841880135996
603017	0.4453699311741217
002120	0.44513252241716067
300081	0.44498060214563384
000572	0.4449649222574084
600150	0.44470822651656916
300249	0.4446153910396334
300113	0.44443368509556125
600821	0.4443579332363018
002636	0.44429098898683383
600303	0.4442692641312289
600280	0.44417212419832874
002382	0.4441246029079131
002386	0.44398419295246955
002088	0.44396543868429766
300636	0.44393586200508445
601828	0.443914546790272
300359	0.4438667069737584
600335	0.44386507745572124
002079	0.44385714296169904
600681	0.44370155156824925
603117	0.4435503363888745
000859	0.4435144064032499
002207	0.44345262721931616
601952	0.44337341720263596
603877	0.44332753419274934
000663	0.44331947185153636
002695	0.4430790408388684
600426	0.4429597672327306
600468	0.4429287271782467
603331	0.44291583681797264
603920	0.44287086345750404
603223	0.4428258736842004
000537	0.4427971193197233
603608	0.44259701761518827
600071	0.44255399696005565
600241	0.44252375699321367
600774	0.4422083839900947
000010	0.442176402414054
002198	0.44214205339743534
000409	0.442083151481982
002337	0.44204410561731144
601008	0.44204007327442685
600387	0.44200675648261306
300432	0.4418751805089412
600330	0.44177463415964274
603658	0.44172754209831294
601231	0.44171370787458303
603556	0.44142822693661665
300367	0.4413987866075541
000037	0.4413448361002985
300695	0.4412659185871501
601015	0.44104624049931374
600527	0.44086954729985545
600720	0.44085540001778023
000687	0.4407290127826244
600456	0.4406772891384351
601500	0.44065717361597406
300222	0.4406271433032741
600311	0.44056592598775296
603718	0.440540539364239
300518	0.44052607301388397
000410	0.44047189132866493
600898	0.4404416831413824
600281	0.44016066166417966
603299	0.4399488671583481
300486	0.4397389316295332
600206	0.4397147068537616
300043	0.43960197162095266
603139	0.43940804112130993
600346	0.43938431397585065
002178	0.4393599473249835
002036	0.43902646423965214
600590	0.43900153174943757
002061	0.4387419767044
002792	0.43872164759333915
000835	0.4383876113545618
601890	0.437998233825283
600416	0.43796902662473924
600379	0.43789596905748124
002160	0.437876876587731
002476	0.43769760148370507
002880	0.4376904280381916
000608	0.43751488772075514
600197	0.437493431647992
600225	0.4372659056812677
600353	0.4371035157052653
002551	0.43708899239871946
002066	0.4370216800337092
600480	0.43693387132564715
600933	0.43660907216489314
000796	0.4363776457083167
002522	0.4363651399449693
600680	0.4361862262329672
000752	0.4360427431609158
600803	0.4360416048302894
002459	0.4359235594785045
300255	0.4357674739584672
603990	0.4356259308579605
002428	0.4356184128162783
300499	0.4356035220024004
300445	0.43556294530477274
002152	0.43552628070495364
600809	0.43551879258332377
002287	0.4354795364641192
600408	0.4351714797436044
000905	0.43516665923625564
000816	0.4349816717371637
002779	0.43476705015281997
600338	0.43472960522575516
000563	0.43455877278306676
300529	0.4344719782478758
600890	0.4343607644118133
300183	0.4342958582320362
002240	0.4342225277470963
000517	0.4338580251940828
000058	0.4338348936573471
002449	0.4338218772956348
300625	0.43376662937659793
600179	0.4336153258553947
600105	0.4334689782636641
000897	0.4333522235729172
600908	0.43331422318144636
300013	0.4332933264926522
002340	0.43307442342353963
000547	0.4330476996015328
600259	0.4328726414010422
002590	0.4328529127554985
002450	0.432598054920336
300045	0.4325126805516765
600231	0.4323686691669039
300202	0.432227840954934
300177	0.4322080430564491
002369	0.43210408347425333
300446	0.432087985962081
600400	0.43208240914398544
603008	0.4320655830442441
603399	0.4316923593775445
000519	0.4316636705777626
600381	0.43157029862630614
603515	0.4315623859554228
300205	0.43149565854850375
600841	0.43147980227004074
002105	0.4312871671548325
300287	0.4311303405342336
000697	0.43096264074705576
600926	0.43089364620697873
002280	0.43087535977552527
600449	0.4308544868667228
300271	0.4308040737152358
600608	0.4307997422174921
002579	0.43070087790645123
002664	0.43069544704145696
300074	0.430382803678042
300034	0.43025988046759406
300332	0.4301663563767406
300232	0.4301497493843749
600996	0.4300217699779829
600546	0.42999088381283795
603226	0.42989531705162864
000407	0.42980847382964016
000025	0.4295840213738082
002573	0.429572796586551
002833	0.42947336332702357
600354	0.4294594064605531
300261	0.42943424647552
603958	0.4294128051854008
600970	0.42929726299891835
300264	0.42924515307408223
002545	0.4290030858898269
002752	0.42862891925410807
002508	0.42849719574790335
601969	0.428497050826035
000968	0.4284517772617131
000762	0.42836798139699495
603833	0.42833449665015816
603101	0.42827053329195947
002431	0.42827044660991637
300393	0.42825877977515453
002351	0.42823055351050754
002019	0.4278952678925462
600173	0.4278948878493145
000757	0.42778173004554554
002305	0.4277672496851084
002227	0.42767167782426485
002046	0.42762666088077145
002330	0.42732919073819736
002331	0.42730796598632304
002735	0.4271511246170339
300410	0.4270747895858901
002002	0.42706570488667817
002292	0.42700110537193653
002513	0.4269594295928736
002496	0.42695172540798154
300381	0.42693445216243564
300171	0.4267513315174256
600763	0.4267196280831416
600095	0.4266999344663715
600359	0.4266977710753244
002353	0.42632803166547867
000985	0.4262802675423592
000969	0.4262106261544465
002321	0.42608229241687795
600232	0.42607324740813235
603768	0.4260388260524085
002868	0.4258929837937922
000554	0.4258526724596538
000795	0.4257469534906335
002153	0.425676611090904
002101	0.4255617272892784
600658	0.42548268416965596
002023	0.4253891584147953
000975	0.4253436301163675
300011	0.42531186863929743
603586	0.4252597330443582
300155	0.4250886050512527
000607	0.42500835166758755
600187	0.4246703879108987
300002	0.42466189296155743
002146	0.42462798688804126
002740	0.4245670777947047
000737	0.42449424600638686
002223	0.42447299524860127
603665	0.42441957979621925
601811	0.4244082909840958
300416	0.4242648993971778
002291	0.42415925315318764
600562	0.4240016406356279
603611	0.4239620031162429
002387	0.42395203713183904
600421	0.4238771004716952
300208	0.42375492562064404
600654	0.4237405859783388
600794	0.4236012715557957
002042	0.42356114679979623
002347	0.42351233695207924
601388	0.4235100914140711
600864	0.4234610850390268
300436	0.42340867070456456
002583	0.42325637275570016
002258	0.4232440916689227
600360	0.423105489532024
600804	0.4230409521555348
000150	0.4229807484973625
600630	0.4229589077150234
300273	0.4229023733889053
000032	0.42284152941470116
603338	0.4228344245392178
600114	0.42280043277838697
002743	0.4227517878513489
002639	0.42246415986291147
000702	0.42245543723118656
600389	0.4223896496821332
300151	0.4223803273628827
603980	0.4223165867530414
300007	0.42231116572554445
600758	0.42228760771227913
000011	0.42221113611542915
000829	0.42220413082476904
300669	0.4221632540082931
002615	0.4221234543002048
600885	0.42211489723609175
600592	0.42209236390208704
300354	0.4220124234136132
000921	0.4217965997315605
000707	0.42168679257441305
603878	0.4216384722909154
002379	0.42163204678817684
300132	0.42147507398673895
300184	0.4213204119968684
603339	0.421307986628041
300126	0.4212930511942079
600992	0.4212891531022101
000585	0.4211577570526799
000913	0.4210397481779725
603601	0.4209394872181655
002439	0.4207458435054521
600909	0.42069130030999213
600888	0.42064899459666644
300211	0.4205762611880476
600268	0.420574076654736
000900	0.42054491390514226
600549	0.42047642758194487
300215	0.42022768202804645
002544	0.4201015519167955
603858	0.4200297466066811
300079	0.42002894947831954
000973	0.4199406139556315
300328	0.4198657870005005
300161	0.41985780544499146
300165	0.4198446918887772
000514	0.4198239142966761
600203	0.41975565068142523
300651	0.41960787950690853
600708	0.419602945900758
002453	0.4194980513226544
002032	0.41946015682009663
603377	0.41932448797012734
300460	0.4193203320324397
603128	0.41929829314157485
600470	0.41917668675022374
600714	0.4190956809505094
600862	0.4190357434708095
300029	0.4189817453529957
600321	0.4189113873915983
002253	0.4188506686921153
000661	0.41884043150417655
601002	0.41848933064329785
002290	0.4184427589285383
002232	0.4184302486003239
600703	0.41841062338779916
300489	0.41832624368431787
002408	0.41824701953947435
000655	0.4181571215100981
600895	0.41795528340370136
002119	0.41792848675981975
002200	0.4177194055249107
002675	0.41768894818693997
603208	0.41758713027347155
002051	0.41757859696466854
600558	0.41753894818154064
300251	0.4174812741994206
002015	0.4174079688773884
600313	0.4173692609451292
600120	0.41724129159201473
002167	0.4170787373783687
600515	0.41701819527202555
000596	0.41671044500243454
002055	0.41649847710721977
002683	0.41646162550890653
002214	0.4163732493043753
000915	0.41621525145951016
002310	0.41620892141860805
002396	0.41616764334204825
300127	0.4159908825507688
002248	0.4159584612773057
002180	0.41594113721589066
000676	0.4159101295707895
002249	0.41586489841568347
300341	0.4158160722118711
600176	0.4157278786749233
300189	0.4155623188866654
300231	0.41550940751497245
002634	0.41545144629237135
002499	0.41544149371997857
600671	0.41529927696891994
300106	0.4152823437138219
300058	0.4152197155629947
600125	0.4151638145228574
002410	0.4150825531376825
600686	0.4148240246530729
002170	0.4147776979692833
600201	0.4147423954678414
002689	0.4147325939262066
600712	0.41473047983077055
603005	0.4147024181766908
603369	0.4146096162516718
002050	0.41427138776109995
002474	0.41399909811449814
600025	0.4139741280352531
600870	0.4139712568132524
600560	0.41372518601121977
300283	0.4135890420530469
002640	0.41358695422883396
601699	0.4135702283773881
002316	0.41353567320355533
002541	0.4135099552011345
000528	0.4134877734356219
600306	0.4134666727545957
000987	0.41345306991189734
002190	0.4134442976904197
002136	0.4133811289785807
002245	0.4133414827553119
002558	0.41311386477789824
300142	0.4130739097788654
300247	0.41304985930545224
002233	0.4129768793195468
603043	0.41294470394804944
000732	0.4128874094071062
601000	0.41272259897662034
300067	0.41264768632560034
002053	0.4125949822895283
300741	0.4125423794565766
600478	0.41217771105827244
603806	0.412106271341914
300003	0.4120227104578313
300453	0.4120165830213232
002605	0.4120129659625779
601992	0.41200611136734183
002568	0.4119914411227819
000970	0.41162236840269845
600692	0.4115113789824291
000584	0.41146103730126377
600074	0.41137546574690387
000612	0.4113335197407223
002068	0.41132204477529327
000422	0.4111239276622525
000756	0.41099226869922184
002502	0.4107463780368812
002685	0.4105305502630476
600576	0.4103538534850474
000725	0.41027776196775767
002008	0.41018127876103294
002348	0.40998634558925845
002376	0.4099672968641774
600160	0.40995828882120655
000860	0.40984971617741317
600753	0.4098033042909112
002455	0.40969803363127355
300291	0.4096502131983001
600378	0.4095625696794984
002707	0.40946353179745015
002296	0.4094468000150954
002626	0.40940460632695286
002759	0.40939857579951555
000825	0.4093307066993501
600844	0.40924816233086325
600371	0.4092340292662402
600151	0.4092294551649237
300150	0.40913184015895027
000759	0.4089058849726859
000922	0.4088253005026445
002529	0.4088192680255862
002335	0.4086832034983508
600635	0.4086650826770646
002074	0.4085462883827259
600877	0.4084537148578964
600883	0.40843600476009
600193	0.40834462767650587
300335	0.4083204808922856
600110	0.4081744038942474
600684	0.4081235770104019
300159	0.40810287850162774
000518	0.40797841227515164
000603	0.40795821333707966
000002	0.40787503094684674
002238	0.4078483300179102
600200	0.40784740087623234
002665	0.4077580247751328
603035	0.40762536544699185
600896	0.40750910766918075
300294	0.4074952032442008
000616	0.4074197158101864
603011	0.4073585548666771
600247	0.407266089765672
002014	0.4072561677136308
600289	0.4071980549264851
600704	0.4071296315252554
300483	0.4069001184083038
002490	0.4068749895647546
603393	0.4067690778024984
002367	0.40657363192324
300342	0.40656672999800053
600866	0.40652243402075067
002818	0.4064800830499243
600276	0.4064719879927008
002086	0.40630798373163834
601113	0.4062782487139084
300327	0.40620589301087434
000886	0.40598872282463505
600215	0.40592326205187396
000779	0.4058781259851516
002715	0.40585007067473894
600423	0.40581309873861776
600399	0.405780937985931
300583	0.40570663591365735
000803	0.4056746817833349
000799	0.40555022240278804
300254	0.40536492738911606
600189	0.4048924889169534
600333	0.4048869695602302
601038	0.40487849784184293
603618	0.40486522210658193
300178	0.40483198745119736
002174	0.4047647117588271
000561	0.4047409783267143
603669	0.4047213991623461
600501	0.4046644418726351
603901	0.4046552286764213
002543	0.40464416894444266
300133	0.4046343454815378
600405	0.40448669252087555
002613	0.4044723035069907
002102	0.40444984823683083
002059	0.40435860890622116
002624	0.40429404502631117
000826	0.4039716437622428
002713	0.40395551403685587
600455	0.40394842271153863
000498	0.40389401724564433
300351	0.40388531837775793
603298	0.40357747035972363
002867	0.40351210776044816
600764	0.40350473841562734
600768	0.4034903960863992
600503	0.4034164167567549
300270	0.40341330139830245
300389	0.40329801860361963
000553	0.4031401215811829
002304	0.40311859738764505
000546	0.4031099959604701
600340	0.40305116107913475
603866	0.40298372594681053
002222	0.40296229679646584
600188	0.40293664286363706
603520	0.4028537779944128
000967	0.40279193282807196
600497	0.4025154864098061
000831	0.40250703579226643
600469	0.40247436271124726
300121	0.40237945737283703
603788	0.4023165912977223
600282	0.4022495526922722
000911	0.40219382536298137
600847	0.40204126713130994
300030	0.40182048309456736
000411	0.40180223718273506
600238	0.4017305548327582
600727	0.4017195729285055
300112	0.40169043398545135
600391	0.40158409648980775
000088	0.40155874351348025
002491	0.40145012701076066
601118	0.4014286108630111
600316	0.4014137331365209
002413	0.40098034318073517
300533	0.4009396274302666
300243	0.40091480156465736
600284	0.4008916205917976
000788	0.4008367361427464
300135	0.4007965974559893
002443	0.40075225676804305
600815	0.40060851932679614
002463	0.40059839026621996
600339	0.40037803657499554
300055	0.40026647467988324
002420	0.40004554009767124
002623	0.40003128837898716
300338	0.39997700398978897
600738	0.3998906539889731
603313	0.39983834796308654
300160	0.39976239170837913
600971	0.3997301172433577
603885	0.3997262987895495
300146	0.3996336688254679
603989	0.39960620452118273
000680	0.3993883278562596
603661	0.3993867158150715
002121	0.3993419968865395
000628	0.3993211135492029
600222	0.3992334916616424
601600	0.3991763569854535
600499	0.39916931814215606
600380	0.39904278333362675
603558	0.3987928860357961
002378	0.39855039985501295
002247	0.3984508925452659
600486	0.39842893882660013
600836	0.3983970716331551
300512	0.39831841569128806
000930	0.39828555556861683
600667	0.39821020822308134
002140	0.3981049429889581
600004	0.39807412330381026
000695	0.39806620326160846
600710	0.3979945098002504
600365	0.39794943149719436
000566	0.39793875692572606
002009	0.3978778534918572
603855	0.39768117802103137
600543	0.39763405291050075
600770	0.3975442962367209
000062	0.3974761567952011
600196	0.39744364895602835
002044	0.3972978324509098
002484	0.39728877278596253
600233	0.39723030710825147
000021	0.39719689617143833
000016	0.39717876193429913
600530	0.3971066569159345
603730	0.3968291411434025
000931	0.39680745256672734
600749	0.39676907042055903
002751	0.39666918664144846
000525	0.39666067534060084
600754	0.3966257807544998
603018	0.39654916188612177
002402	0.3964837362542708
002548	0.39644530297859426
002658	0.3961692459631446
000838	0.39605136226889165
002093	0.39603761971074736
600409	0.39602858649290035
002188	0.39591347133189864
600830	0.3958294143408571
002677	0.3956767788330592
601999	0.39555446116235454
600602	0.3954290035998565
600008	0.3953549006930686
600980	0.3952828973556357
601636	0.3952429850178741
600057	0.3951968676459202
603737	0.39518087535637036
002274	0.3951738663855835
600368	0.3951694912231528
000637	0.3951663701833029
600545	0.3951358123641147
600769	0.39506859493260876
300040	0.39505028579132206
600271	0.39501087751378794
600613	0.3949608327070238
300070	0.39486173792214785
002374	0.39485794717524747
603227	0.3948515982900349
002339	0.3947787921937584
000821	0.39461289196144783
600448	0.39448399626713904
600792	0.3944275419808525
601366	0.3941177005211604
600078	0.3940696567397496
000881	0.39393003598112997
000878	0.3938465871605515
002018	0.39384281281597555
600990	0.3937773612424343
000960	0.3937660661820129
000713	0.39369869007790625
600435	0.3935727915594669
000617	0.39355233814393703
000413	0.3935288560997688
600960	0.39332941377951686
300087	0.39328177976992407
600859	0.39327632859579353
002314	0.3932032713121827
000652	0.3931642448572929
600796	0.3931633127777319
002038	0.3930663290347128
300049	0.39302032852366137
000952	0.39299375473660436
600556	0.39289738628631704
600718	0.39285815467670393
002528	0.3928378351460246
000056	0.3927712791955148
600217	0.39275422901473556
601608	0.3927153853384635
600375	0.39245302938551524
601229	0.3924016124653158
600868	0.3923252748895752
000529	0.3922784278166073
601128	0.39224403693333526
300438	0.39221430828050446
603589	0.39220748526096727
002172	0.39216176200142383
600673	0.39210763709036256
600297	0.3920896907559273
000918	0.3917750768793969
000502	0.39176074365911173
002411	0.39174398715585307
300064	0.3916656507247129
002650	0.39162702430399254
300360	0.3913537038194924
600050	0.3913529195057051
300131	0.39130446126769414
603099	0.39127630628529236
600750	0.39117515634095285
600833	0.3911179818719294
002553	0.3911101819793791
300179	0.39088157404289126
002313	0.3907683908698625
000671	0.3906552766446642
300315	0.3901727067692827
600781	0.3900385235466548
002452	0.3899279811487382
600814	0.389867929577129
300459	0.38963559046621504
300066	0.3894986910370911
002092	0.3894705135490938
000920	0.38935263092097966
600747	0.3892002301701032
000802	0.3892000485966261
600526	0.3889128654467679
002308	0.3889124464651369
000531	0.388912304804815
002705	0.388534612483124
000682	0.3883880573382982
000679	0.3883024587195396
300363	0.38824559206415915
300358	0.3882144712730177
000951	0.3882074923663513
002272	0.3880936755912783
600267	0.3880794386847653
600498	0.3879217607842959
600997	0.3878844443570927
000666	0.38780225131149065
603508	0.38774891487819285
002773	0.38759649980646416
603003	0.3875850670044477
002162	0.38753194376920136
000565	0.38751878214210544
601101	0.38746577703352425
601111	0.3872549541693463
603606	0.3872475588195811
600216	0.3872135568848751
000727	0.38713324363362095
300516	0.387130051915553
600363	0.3871041951950581
000716	0.3868390036514742
002071	0.3868177051944568
002104	0.38662208837779316
600195	0.38653966686137237
600623	0.38646262037859747
002041	0.3863106507447994
300246	0.3861943773990826
600889	0.38591812173181844
600917	0.3858599790750732
002564	0.385792644929819
002436	0.3856601894004896
600730	0.3855423571832016
600843	0.3855063801757906
600310	0.3853363952665554
600493	0.3852916647860202
000800	0.3850977736645385
300429	0.3850175074306553
601789	0.38501705443393314
002355	0.38495746575424594
002673	0.3849009381396402
000418	0.3848239298182694
002306	0.38479154811896193
300297	0.3847897111638988
002329	0.3847526900447064
600495	0.3845944967868191
600838	0.3845808087773605
601028	0.3845690434922512
002831	0.3843084021838679
002091	0.3841218201533825
000568	0.3840334075867028
000564	0.38396650867784327
603518	0.3838924472021786
000989	0.38387647190375274
600237	0.383826956125984
600186	0.3837535448265854
300245	0.38359530170821554
600765	0.38352966702522573
600683	0.3835135007487986
002416	0.38334298614592355
600080	0.3833354697851808
600725	0.3831989678415374
601177	0.3830108835035048
603228	0.3829583988939846
000720	0.38295707834000364
002364	0.3826010181783165
600828	0.3825408049917487
002414	0.3824653811311343
300105	0.3824498873088191
300207	0.3824157811573376
000983	0.38237831522893256
002632	0.3823607847259037
603309	0.3822751966188232
300257	0.38219638679342355
300326	0.3821926508967658
603311	0.3819583260532147
600853	0.3819243782128971
300182	0.38189587168496353
600243	0.3818743925738227
300118	0.3814816707874636
000750	0.38145508665450883
000692	0.38127384858464086
600784	0.3811572734281476
300006	0.3810745778403237
300437	0.3810443108790526
600199	0.3810176131547518
600538	0.3809892742271045
600973	0.38091262218514405
002276	0.380907499381745
600248	0.380895371253807
600787	0.38080732564715886
600984	0.38071358514827314
600529	0.3804488041279573
603779	0.38038282470407087
600636	0.3801922047298271
002151	0.3801770282398784
002005	0.3801001621648278
300289	0.38004684938876704
300199	0.3796330181509841
002106	0.37956847520493436
002392	0.37951692262580217
600397	0.3794824448673796
000715	0.37947724215355977
600577	0.3793290491583356
000818	0.3791388818075192
600826	0.37910019787239385
601599	0.3789567243241458
002727	0.378873479336268
000301	0.3785302276690712
002781	0.37844035118313346
603015	0.3783770062506475
002501	0.37810750795374026
603909	0.3779468565729112
002614	0.37782625807743364
600707	0.37769043804623526
000887	0.377600842972792
002671	0.37759189471934534
601222	0.3775792101976186
600328	0.3775397449437682
002116	0.3775349564641232
601668	0.37746912564011864
000035	0.37727108891049016
000030	0.37718744307445107
600967	0.3771633108895697
000009	0.3771016120742276
600696	0.3769617036852363
000965	0.37685423677884705
002741	0.3767032043411297
002601	0.3766833488687898
600283	0.3765156064946582
002361	0.3765008806406633
000049	0.37642535494274276
600305	0.3763453476573413
000550	0.37629002152544344
600257	0.37599377855896654
300201	0.3759458355570945
001965	0.375823647037652
600211	0.3757499742750949
600390	0.37562246625044027
603023	0.375606109706577
603355	0.3755177010121306
600593	0.37549755523162565
002322	0.37546988249153185
600744	0.37534631745279523
601919	0.37525202619273673
603816	0.3752157543308909
601200	0.3752087238380455
603939	0.37511013127503584
000731	0.37496569583084094
000976	0.37496213827299874
002212	0.3746682857025307
000858	0.3746391898331683
000961	0.37422578064122203
600302	0.37420628455513083
601908	0.3741578958152006
600137	0.3739403891294619
000006	0.3739083492711173
300095	0.37390369032641735
601168	0.3736979925435777
000777	0.37367626819185945
600850	0.3736759894238381
002030	0.373633936926948
600361	0.3735774176164229
601515	0.37356275420639196
600509	0.37353686785115814
000909	0.3735052289781751
002563	0.373461092804792
000548	0.37334197892382254
000972	0.3732296586092164
600433	0.3728388815328768
300001	0.372693267300429
002166	0.3724267984090757
600048	0.3722452038864048
000668	0.37219572652575855
002003	0.37218918203167817
002399	0.3721452888014471
600518	0.37179894490435184
002666	0.37174002760739044
002078	0.3717321602446905
600771	0.37170302267666194
000516	0.3716671076186907
002295	0.3716441315465512
000798	0.3716146188342048
300385	0.3716103204037295
600111	0.3714679842614361
603002	0.3714530341538285
600343	0.37124612744563185
002505	0.37117800300548165
600210	0.371120129284197
600872	0.37100204449857604
600491	0.3708981000231782
600444	0.37088993430740896
002653	0.37087065977523015
002224	0.3708396015977069
600121	0.3707115207172731
600798	0.3707015077520664
600566	0.37070130374115595
600246	0.37051675173488097
000040	0.3705013219785255
002215	0.37049642882063877
000520	0.3704838228838894
300314	0.3704462522375182
600963	0.37044000793000703
000782	0.3702439747519456
300321	0.37022122037355976
300219	0.3702169697984906
002608	0.3701972465220834
600184	0.3699606786860947
600505	0.3699473888057798
002183	0.3698504241392559
002284	0.3698454397680898
000036	0.36953082622178196
002117	0.36940672586773177
000990	0.36940259648778845
002128	0.3693852441680592
002500	0.3692829334942164
601595	0.36925140635599635
000651	0.3691925117544492
002659	0.36897854491565735
600227	0.36891352634774804
600719	0.36881162760582203
002390	0.36864252438481293
002025	0.3685970712037077
600643	0.3685112344802149
603919	0.36840386883413007
300082	0.3682906087823107
601258	0.36828178073374396
600732	0.36825183280733964
600808	0.3682358871195108
002251	0.3681080370335352
300330	0.3680878684884388
000100	0.3680569822243054
600367	0.3680302875464136
300318	0.36787087064348983
300129	0.3677741417400849
000524	0.36766744320331707
000910	0.3676417926646751
600653	0.3676247164711739
002073	0.36760211751917454
000408	0.3675430797717398
600422	0.3675179616260184
002421	0.3674016782015801
000785	0.3672434911041717
002732	0.36714950372572797
600633	0.3671446003171449
002193	0.36710985809547064
600132	0.3669526505080369
002768	0.36687692539431127
600332	0.3667708766406164
300439	0.36674930427608593
002380	0.3665625046660633
603308	0.36648494518032343
600029	0.3664471329096931
600100	0.3663725686149449
600969	0.3663131038270596
002334	0.3662517117110347
601666	0.3661036958576435
000722	0.3660786283180554
000632	0.3660769008391403
300057	0.3660522538577479
300027	0.3659904831013762
002037	0.36582243741296283
600736	0.36575472659180935
002197	0.36573184934080555
002597	0.36571775627571
002495	0.3655998283702839
603318	0.36548919076222536
300102	0.3648297064668799
603568	0.3648161841108766
603808	0.3647891125953487
600372	0.36461932399830976
600458	0.3644038531075925
600234	0.36440245576891656
600182	0.3643504516754875
600535	0.36430677800761085
600742	0.36424416507980745
600298	0.3638429234264832
002594	0.36381035312969656
002531	0.36380669417160216
600537	0.36351794158702494
002225	0.36348334975275665
002326	0.3634550933730777
002556	0.36312548354779506
002686	0.36299182620466475
300200	0.36282432676621534
600533	0.3628106419779607
002663	0.36257767429797255
600531	0.36244580451124464
002728	0.3624029839971446
600122	0.362386146672745
600664	0.3623386148909931
002598	0.3622664008286441
600272	0.3622526944118108
603883	0.36222046342643033
000738	0.36221351608206154
600038	0.36212267389770475
000937	0.36189057203091013
000837	0.3618804962108094
600010	0.3618653147579172
000153	0.3618134846445789
600650	0.36178330967933225
603166	0.36174907068061357
002084	0.36169403951214135
002718	0.3616706568422807
002237	0.36164324616219773
002123	0.36161001902531276
600716	0.36148613726062995
300172	0.3612830465668549
002381	0.361226053881766
002585	0.3612005525985249
600857	0.36102817593405856
600729	0.36100425081862914
600481	0.3609931530891804
600081	0.36087262281903665
600352	0.3608156948992941
000333	0.3607289560629167
300203	0.3607222445408557
600966	0.36051574913055767
600649	0.36046723204380055
603869	0.36021554580600623
600265	0.3601480019408464
601099	0.3601139269133532
002028	0.3600096103480289
600513	0.35990731348434984
601238	0.3597218968051119
600522	0.3596274993610219
601336	0.35961418688410146
002085	0.35956653991423787
600062	0.35949437352923197
600362	0.359441936124168
300530	0.35941405136317034
600428	0.35932069136250927
300473	0.35931222372658833
300442	0.35928533004323276
300498	0.35914627879927213
001979	0.35898103969382167
002422	0.35872417760830677
000573	0.35859466333946816
600983	0.3584852080494181
601777	0.3584640410727796
002481	0.35838657279408015
601877	0.3581205069735354
000929	0.3581077181277457
600662	0.35774041475433493
601019	0.35769553838168766
002527	0.3576454854803481
002250	0.35763667048042813
601001	0.3575782593189619
600691	0.3574964070039539
002228	0.35722131186449535
600373	0.3570898739034541
002324	0.3570288862878837
000758	0.35696888851631575
600563	0.35688068103030995
000688	0.35663610041398086
002434	0.3566302233113912
002482	0.35649214912478344
000768	0.35648878279463947
603868	0.35639993028273714
000059	0.3563330787651607
600854	0.356318075364841
002479	0.3561543866983001
300031	0.35614785855638614
000761	0.35606848858011747
600012	0.35604239387405867
603188	0.3558760360103631
600819	0.3558752015786739
002480	0.3558053127819041
002539	0.3556994704192624
300282	0.3556629338323349
002757	0.3556607798829818
600273	0.35564691843606916
601137	0.35550714872497563
002179	0.3554605007281722
600180	0.35544134509956876
002520	0.35532037299670954
002069	0.3553200160451772
600629	0.35528693385630555
000551	0.3552131776324208
000709	0.3551735820048561
000780	0.3549462131891714
600961	0.3548869712822948
601005	0.35450503217563334
600383	0.35450290882594165
000597	0.3544630606025773
600097	0.35429169583810793
600076	0.35407337168421127
000997	0.3539917029441773
000012	0.353623649891152
600829	0.35331777478537796
600865	0.3532587068820731
001696	0.35325307420062113
000039	0.3532276465865349
002360	0.3529173192096394
000751	0.35272029303225905
600159	0.35265576544215455
000908	0.35261963366795984
600981	0.35259997585101993
600594	0.3524881067831141
002570	0.3522629502268183
000898	0.3522455751742616
300169	0.3522255112334732
002096	0.35217690378534633
002610	0.3518909921082439
600262	0.3518280545743949
002609	0.35177146490589833
601801	0.35172608928473836
603116	0.35165238408092464
600126	0.3515060252024391
300024	0.3514884275569114
000090	0.35127749927123336
002469	0.35127016222351776
000882	0.3512326995336816
300041	0.351093125816409
000880	0.3510251973323559
600251	0.35101338012023653
601689	0.3508878399899221
002472	0.3507909730017108
600575	0.3507112498596166
300124	0.35070107284173363
000708	0.35068680088231563
000959	0.35039232160163447
601198	0.35036271156377163
603789	0.3502742118865762
000043	0.35021348615552633
600936	0.3500584817577339
600641	0.3499826865029472
600875	0.3497549070773891
300206	0.34968767474266843
600096	0.3496249672878546
600070	0.34958807191984065
600790	0.34953225972849944
002468	0.34938430668048476
600617	0.34922077150876824
601225	0.3490266641347753
002561	0.3489538032136961
600823	0.34891530108535973
002470	0.3489053685116413
000031	0.3488846425481989
000523	0.34878603489592575
000521	0.3487719855178382
600436	0.3487116483502402
600129	0.34859371751156026
000627	0.34854469580209857
600767	0.3484950773299963
601717	0.3484893902885001
601009	0.3483866181468146
601208	0.3483723018268171
002697	0.34834119909732875
002698	0.3482661023767347
300244	0.3482092561258022
601901	0.34820892340557325
600528	0.34818456514348683
300408	0.34816338720945245
600475	0.34813536645531684
002007	0.34806046122818335
600657	0.3479394984437617
000966	0.34789972230673033
000650	0.34785151554767463
300329	0.3478150933766538
002471	0.34780213598377224
000415	0.34726914974410816
600573	0.3469534112891429
601218	0.34693256141012346
000988	0.3468886610539553
000701	0.3466083345432444
600312	0.3464028874722201
000559	0.34630619547347846
601126	0.34625587472026065
601555	0.34623397619835045
600369	0.3462207823517546
601611	0.3461529720363998
600083	0.34587586579790114
601588	0.3458621555094561
002081	0.3455387007061879
600817	0.34551993732899855
000733	0.3452236280281467
002010	0.3450489455047021
601311	0.3449155735637127
002048	0.344892521067022
600115	0.3448865223703183
600336	0.3448657477146065
600601	0.34484357320601017
600638	0.34484010515653796
002090	0.3448084030857048
300406	0.3443134441299442
002173	0.3442796560429749
600887	0.3441665708828158
002678	0.34409926357612486
600418	0.3440774944510131
300111	0.34407581391624076
300218	0.34401933165531867
600185	0.34376844993540456
002345	0.3432776097963913
600162	0.3432774803975561
002756	0.3432311812585975
002637	0.34322360863318946
002159	0.343158389306711
300068	0.34305569505684336
600061	0.34299774749697276
000778	0.34290466202428227
600300	0.3428507533958714
001896	0.3428222849666515
000599	0.34278734000164013
000739	0.34253702520698875
002286	0.3423134500778002
600020	0.3422641210243528
002358	0.3422144215579932
601800	0.34186633861031684
002303	0.3418268657671821
600348	0.3417646987037614
600496	0.3417597873919513
600600	0.34161637069502876
002150	0.34153172036831236
002100	0.3413788602850045
600109	0.34137521154913675
300154	0.3413014631690802
002462	0.3412800385001509
600637	0.3409935292373156
000686	0.3409763028556075
002487	0.34094344744914046
002546	0.3408206050894173
002535	0.3407076486507236
600585	0.340312980408265
300039	0.3402187315583834
000753	0.34014850800055
300108	0.3401353981874368
000501	0.3401036982631892
600051	0.3400905196485014
601968	0.34005115955787735
601718	0.34004965848826957
002557	0.3400166283439257
002385	0.33999788166880063
600539	0.3399261995248178
600743	0.33990803620166166
600605	0.33976215570139606
603818	0.3397020913437462
601216	0.33964013416139033
600755	0.33959392869967514
002294	0.33925458703008887
002024	0.3390452850324764
000099	0.33897672038736165
002107	0.3387862035855374
002043	0.3387474347591526
600589	0.3386934410789235
600190	0.3386221091355668
000656	0.3384300598501283
000404	0.3382162480384385
603222	0.3381784159241006
000570	0.33810599473068464
000046	0.33799936067449343
002293	0.33778862755032757
603288	0.33776864835106457
601798	0.33769806953523407
300463	0.337227341862452
600356	0.33720542763686534
300144	0.337150990602659
600693	0.3369301418064271
601918	0.3360874179260006
002165	0.3360127610127957
002067	0.3359973991117077
600661	0.33591826621338167
600068	0.33559787307658867
002736	0.33553111015175197
603333	0.33548421077416773
002352	0.33545083022659905
002221	0.33544082025225225
601933	0.3353496328810607
601688	0.3351372720054176
002441	0.3349840674095867
603566	0.3348140621342577
600482	0.3347025972199192
600706	0.3346997268070115
002363	0.3343957424616186
000005	0.3342161517630966
600995	0.3341964123354583
002099	0.3341501837023548
300086	0.3341448032107641
601616	0.3341175881660506
600880	0.33401573507514526
002424	0.3336599960804431
000008	0.3336532011768253
000400	0.3334761362680983
000061	0.3333731554730558
600699	0.33331130957217436
002498	0.33283035523987364
600058	0.3328082890702644
000545	0.332625238052463
002269	0.332604516086796
002538	0.33239451617061383
000623	0.3322026289054294
600690	0.33219858154373155
300094	0.33212548221008154
600329	0.33201288396612816
600977	0.3318913171733814
002138	0.3317829536439116
002514	0.33169124374834547
603686	0.3316583389989133
002026	0.3315419632555731
002516	0.331464214149905
000700	0.33142688385341845
600009	0.33131633510789815
002772	0.3313135169690183
600439	0.3310641439606596
600502	0.3308207249853548
600056	0.33073769354359184
600229	0.33053359524509435
002444	0.33052170185352087
002298	0.33041480226062364
600891	0.33037284515921467
600208	0.3303230321857584
002397	0.3300899904582889
601633	0.3299067031377027
603979	0.3298676797855072
002111	0.329696464029152
601369	0.3296621884656368
600644	0.32957435132133944
300307	0.3294682604338465
600019	0.32888241295876947
601808	0.3288372651281005
600741	0.3288094771165686
603898	0.32850574899716195
002489	0.32834510860610405
601106	0.3282187408577061
603198	0.3279450493673109
600301	0.3278691604914723
601601	0.3277340964662484
000048	0.3275424249134912
600060	0.3271820865307658
600006	0.32713715301101964
600077	0.3271297889467587
000078	0.32699029741104546
000783	0.3267156485205127
002641	0.3266703387625924
002690	0.32661335740767095
601021	0.32659360911280166
000665	0.32650928900338955
600116	0.32635322547337897
600279	0.3263071347176281
601958	0.3260214217722403
601727	0.32600993091695396
600748	0.32597938535809046
600958	0.3258927126555797
600668	0.32584939073644364
600500	0.32561303153193283
002325	0.3255669872952048
000998	0.3255443244374309
600292	0.32547812206863225
601377	0.32544312213297005
002612	0.325398252090294
002465	0.3253456305044555
002731	0.32521800369194265
600778	0.32518439644004365
601226	0.3251665117081636
300217	0.32514506470628296
002318	0.3251188267637269
300147	0.3250085562840931
002672	0.324784854159353
600871	0.3247818695010219
600615	0.32433853898532183
600565	0.32421765523989593
600598	0.32419548272613197
603698	0.3240961296935785
600547	0.32380536335584054
002191	0.32348902274052926
002132	0.3231536909906034
600616	0.3225670128880391
600396	0.32255459925702845
600031	0.3225144048869659
600220	0.3224968761246559
600073	0.3224850265376768
600485	0.32233480967207256
002020	0.3219470228224295
600785	0.3219232175903028
600299	0.32157894575078305
600163	0.32156867140022555
002204	0.3215400924289257
600663	0.321389836892951
603100	0.3213289706069543
600583	0.3209558548443289
601186	0.32093325060470973
002142	0.32063114866232933
000889	0.32046043704491867
600063	0.3201162538900151
000833	0.32008548242264284
002661	0.31987221427234874
600066	0.31985074100980876
300214	0.3197872822543554
600022	0.31958000610049514
600479	0.319351442713836
002688	0.3191696517221046
600655	0.3190541508483508
600731	0.31892017289174945
600812	0.31852251732913667
002391	0.3183020245281644
002533	0.31828589675496904
000026	0.31786528117990226
000690	0.3178636511074518
603968	0.3177688513231548
600567	0.3176214724786745
000698	0.31758729191286206
002588	0.3175307175278788
600376	0.3175161630216048
002283	0.31738710060613506
603899	0.31735992127029233
600143	0.31728494564299614
600320	0.3171393428518901
601117	0.3171291343701204
002566	0.31709782424347144
601799	0.31697136014230676
600094	0.3169697577246447
600026	0.31688376431591864
600091	0.3167626594823302
002327	0.3167080906788407
600761	0.31649362974862816
601886	0.3164828838953249
002022	0.31621360714886454
002559	0.31614886754179145
603599	0.31600533763511246
000069	0.31588682629485726
600551	0.31588568697823544
600398	0.3158656567863521
002536	0.31577848615249654
601127	0.3157329512683403
600406	0.31551998920557883
600561	0.31551459064321247
600177	0.31541974628978736
300239	0.3153596134316179
600266	0.315304611247257
002126	0.31515984016159165
603699	0.3150268314344117
601558	0.3149655584622035
600737	0.3147961942297884
600978	0.31466261885897007
002442	0.31447562059492223
000156	0.31397743314420273
002595	0.3139514234951379
600835	0.3138119913150088
600256	0.31380027364412255
000809	0.31369818492969465
600138	0.31351785747629896
600827	0.31333315388763366
600315	0.31327186664169027
600851	0.3130271118897668
000402	0.3129031160981791
002133	0.31286163558179153
000001	0.31277451398301565
002047	0.3126104484117058
600839	0.3124627312593224
600277	0.31212670802599324
002145	0.31209989724528603
600308	0.3119766921317774
600166	0.3117686308917111
002586	0.3116951378569789
002033	0.31169050252037594
600580	0.311595898229478
600127	0.31159126402893167
603967	nan
300561	0.8840983375447458
002793	0.684334985583264
002893	0.6733772328475459
603988	0.6533403531791534
002746	0.6252031267784716
002370	0.6227365754275483
300508	0.6171788062061773
603966	0.6063182019851988
002840	0.5748759218266056
300421	0.5717162593669058
603637	0.5632142801258004
600086	0.5484223439370957
002592	0.5460138125637451
002708	0.5435932215875725
002692	0.5373334452405001
002567	0.5292116447161896
300405	0.5213681578918458
002057	0.5187522863979849
002512	0.5146620756952088
600053	0.5145256150344473
002164	0.5010716889905427
300220	0.500671125216024
000533	0.4877315837293307
603519	0.485270547010015
300123	0.46740332945727525
300010	0.4657858781263362
002157	0.464007005366255
002189	0.4607452232626598
600860	0.4574137045557931
600677	0.45316133884202314
600728	0.4445660734347985
600620	0.44062680301341495
300435	0.42875841291742167
600452	0.4243694453717016
300417	0.42301753870002695
000892	0.41441605424120265
002114	0.4040108721097921
300119	0.4016168429080005
600626	0.401416179005704
000004	0.3966017390295408
600618	0.38859409499405734
002674	0.3824786949719375
002328	0.37950069655019397
002255	0.37880165564787305
603609	0.37614827530844186
002135	0.36131930973626647
600512	0.35359125969885746
600322	0.35210544810504973
600287	0.3344954639337705
000850	0.3276255341282328
600717	0.3115782729049369
600307	0.3113753032684809
000828	0.31131252423406586
600519	0.3112701767935895
300280	0.31101010354652864
601900	0.31091017843268326
002593	0.310900734360415
601965	0.31024192014028334
600123	0.3102323288808941
603306	0.3099741335072542
600858	0.3098011908779223
000895	0.3094390009173562
002406	0.3093814828468043
002309	0.3093264359037091
600030	0.3093145395560218
600639	0.30925107990549044
000729	0.30867896273182394
600106	0.30825760885295084
002311	0.30823735811783926
002097	0.3080037729104681
600824	0.307990664041847
002375	0.3079612002378603
002404	0.3078576849511967
600587	0.3075304582949454
601989	0.30745862372494565
601088	0.30649821141276745
600388	0.30644823257092685
000042	0.3061886369558328
002155	0.30568160276378364
600351	0.3055195207110256
600893	0.3052328571183253
000631	0.3051439883216814
600572	0.30506053885279927
600648	0.3049408873960753
000601	0.3047612409942711
600467	0.30430132238536634
603020	0.3041545966526739
300305	0.3038389365997385
600881	0.30380370491338415
000425	0.30328891723602336
601139	0.3029608295020507
600582	0.3024438014091869
601518	0.30237996500113984
600101	0.3020055992287894
000683	0.30192895885367765
601899	0.30182713441917963
600118	0.30179178835887654
600959	0.3017210027672746
002506	0.3015810881964458
002393	0.3014648866995763
300193	0.30145611873504435
601628	0.30132257050944905
600169	0.3009513532554655
600726	0.30089450195424816
002319	0.3008212547507861
600018	0.3006621124871242
002244	0.30061377995510896
600327	0.3004323237760915
600052	0.3004178025807046
000899	0.2997379275241918
000420	0.2997143558489358
000949	0.29935504865278895
600557	0.2993060385970508
600108	0.2991674224593314
600483	0.2989639529866094
000552	0.2981135695178236
600993	0.2981075959960515
600675	0.2980268494345431
000538	0.2979830287215229
002031	0.29780689356438994
600999	0.2974648918435638
600705	0.2968957041727646
600395	0.2968399525273304
600805	0.29677985970297105
600739	0.29668833378000903
300233	0.2966236535463718
000625	0.296350404452489
000534	0.29615553085289403
600965	0.29553727294241483
000776	0.2955032826921468
000619	0.29534204349001025
601966	0.29490105743097866
601788	0.2948170289329963
002242	0.29478360929938935
600103	0.2942927380315658
000620	0.2942448618343136
000403	0.2940337643265227
002216	0.2939806339124818
600724	0.29394321205493334
601188	0.29382339846324945
002203	0.29382183077460716
600039	0.29371133713402114
600606	0.2933381881833188
000718	0.2929096185689904
000428	0.29233342362848524
000869	0.2922676511948493
600873	0.29222443558235545
002433	0.2918146901104364
002574	0.291721964087948
600090	0.2915825409751276
002344	0.29150237847986543
600676	0.2914185857721183
002644	0.2912996789018985
002064	0.29118000712757347
600837	0.2910708348094327
600382	0.2907808841149027
600079	0.29046239784041344
600511	0.29032846266717816
600597	0.2899646399882583
600401	0.2899471248593496
600489	0.28954172614347523
600037	0.2895400011844982
300204	0.28947720346860195
601677	0.289458866427884
601318	0.28935094802008615
600370	0.28921298548232516
002087	0.28910251540710186
601929	0.28894526948887095
601880	0.2888734108266543
603158	0.28880206377961204
000419	0.28856478364424776
601607	0.28820084513737004
300258	0.28809207134401144
603012	0.2878605865454175
600976	0.2877363589630413
002144	0.2873701735152315
000096	0.2870721567046483
002646	0.2869597095298021
002154	0.28693530184474775
600665	0.2868725970955729
600285	0.2868702523774697
000581	0.28640898813355353
600104	0.285831721657988
600780	0.28579143467141727
000902	0.28549490054906823
600834	0.28539315490710476
600869	0.28510752097180403
000719	0.28467039420903095
002448	0.28451595012933056
000875	0.28425107129663596
600219	0.28409509905858465
601872	0.284006208685363
601333	0.2838525631415971
600011	0.2836431040026781
000876	0.28342420058139817
000417	0.28288393322260447
603199	0.2826213663600276
000705	0.2825386884423216
600317	0.2825294504968668
601866	0.281944398997337
600067	0.28183664127532754
000430	0.2814390108353866
600153	0.2813511789665963
000848	0.28055752692511116
300301	0.27988826650518367
600861	0.27977721425964774
002267	0.2793497935727493
300026	0.27896919796436176
601618	0.27896107705518597
000630	0.27864441850045296
600586	0.27858844696439533
300195	0.2785594528074561
000028	0.2780929982606567
600987	0.2780272606604539
600036	0.2772505009626016
002403	0.2766376983335698
000423	0.27658402205334326
600628	0.27518028700109076
600403	0.2749671389406768
600098	0.2739014402135586
601098	0.2738171300804778
000421	0.2728580807203646
000999	0.27281091217756126
002540	0.2725676191611524
600323	0.27241818075789936
002317	0.27230349701890694
600612	0.27228263161879496
600660	0.27214427339520286
601163	0.27214323015414904
002603	0.2720200728834703
601211	0.27201611267857156
300185	0.27176225911325147
600261	0.271579363230071
000863	0.27141347382108383
000767	0.26966408258640434
600021	0.2696356814918166
600979	0.26956528269199875
601766	0.2695498153978606
600488	0.26906459820649453
600429	0.26888538491503233
601997	0.2683346003156148
002062	0.2682637467294216
601010	0.2680280732618605
601669	0.2673218345913357
601058	0.2671479044800811
601567	0.26709739135515753
600089	0.2669794387016799
600223	0.2668552672627671
600894	0.2665156569276318
601179	0.2657846751707488
000166	0.26517028408507665
002550	0.26487649551608206
000543	0.26343795286666066
603167	0.2630036761295146
600415	0.2625669818736496
600508	0.2624496405304358
600757	0.26235442916964974
601991	0.2623118674549309
000888	0.26084223790963684
601007	0.26036194223820497
000926	0.260002846497569
600085	0.2589418395018562
603889	0.2585285001113553
600035	0.2575954430213696
002701	0.2569282318654384
000541	0.25649725827025377
600694	0.2564388281604325
600027	0.25586592608263936
603123	0.2552289499655534
600007	0.25518670507762636
600221	0.25479840949108584
002029	0.254206711640632
601898	0.25393805019553983
000429	0.25387449948829144
600811	0.253402177188868
600170	0.25251767579724366
600017	0.2525072097057757
002083	0.25238226469404534
000589	0.25236097718369066
600897	0.25116920752675476
601107	0.25115507168510987
601566	0.25032267787817636
601928	0.2502810526254826
600252	0.24995275010793735
600611	0.24980688057814504
002186	0.24918709279343065
601018	0.2489699499848803
000919	0.24772810242129228
601579	0.2473119256515287
000978	0.24652494259895832
600723	0.24633466892407305
600982	0.24622605816916737
600510	0.24607289060060306
601939	0.24589767409560717
002266	0.24505434460943717
603001	0.2438556191612624
600998	0.24376394059819204
000089	0.24355207029799486
002004	0.24313858213162182
601998	0.2429287212083568
600697	0.24130594549577164
601390	0.24116731463793453
600054	0.24049034690686696
000861	0.24036803678805838
600028	0.23987806050938798
600059	0.23565708935157015
000685	0.23529923140879186
000027	0.23522879252943651
600820	0.23520770772154428
600015	0.23345781061329374
600882	0.23342529280725052
603567	0.23269421037219648
002187	0.23242636856733348
601368	0.2322089007114235
601199	0.23167551036317105
000667	0.23044662977223862
600350	0.2303438741694765
000539	0.2296733835335703
600168	0.22932758229003455
002275	0.22880494781616798
601339	0.22753277506011288
002412	0.226566818553806
002521	0.2262656502924791
002254	0.22609426411333342
600863	0.22593638208177474
600713	0.22419637191266098
600000	0.22335763064728195
000598	0.22220103043979378
000157	0.22133064289753446
000726	0.21948155328917116
601169	0.2169996116346043
600578	0.21583517450938883
600016	0.2140361576986084
601398	0.2136614540066776
601006	0.21275919265418025
600461	0.20965412365482908
600236	0.2082213135540582
600919	0.20715814510459396
600033	0.20710422610195495
600688	0.206302837636227
601166	0.20237701093422794
601857	0.2016826814619422
002394	0.20161597533915399
600886	0.19982179535298394
600795	0.1987166774924035
601818	0.1957569484795837
600548	0.19206906337633187
601288	0.19113060353696845
601985	0.1895511213493638
600023	0.18604576306327697
000883	0.18159318891032655
600269	0.18075890434668576
601328	0.17816068243250185
601988	0.17385357799995385
601158	0.1725346530068985
600674	0.17162173758142774
002039	0.16923154244534735
600642	0.16011947447633898
600377	0.15716410291426405
600900	0.15681317008277348
000693	0.009419950567664107
300772	0.004050640646604413
300773	0.0005647336170257432
